time,acc_x_g,acc_y_g,acc_z_g,gyro_x_rad_s,gyro_y_rad_s,gyro_z_rad_s
1765410062.598841,-7.94690708977235,-5.013435214981821,-2.934765772150324,-0.006816669128618506,-0.005380390667720688,-0.0013322484758182486
1765410062.599041,-7.927424239368391,-5.017442499714574,-2.9138322814963344,-0.0065198443559004735,-0.005069670980079178,-0.0011802606385976475
1765410062.599241,-7.909130280024293,-5.021722760712051,-2.889084298606479,-0.006267545517872253,-0.004694077562201769,-0.0010454808418245908
1765410062.599441,-7.8918312392277965,-5.026101179015717,-2.8591122542229974,-0.0061260141410004925,-0.0042314614634038055,-0.0008782456829016617
1765410062.599595,-7.875324630909222,-5.0303545690682,-2.8227678015752335,-0.006164263623123012,-0.003666979731828791,-0.000625743970085374
1765410062.599845,-7.85941480131101,-5.034209126726272,-2.7792511505037347,-0.006451547687172795,-0.002994710080851331,-0.000233569930721261
1765410062.600095,-7.843921977469592,-5.037343917525764,-2.7281832519473386,-0.007054673017868318,-0.00221875574268694,0.000352741161154099
1765410062.600345,-7.828684034949651,-5.0394004225502025,-2.6696581258677665,-0.008035242570130982,-0.001353733979853787,0.001186246265561713
1765410062.600597,-7.813551159095753,-5.039997843413371,-2.6042712995001764,-0.009446925846420299,-0.0004245765309338472,0.0023172452758566443
1765410062.600847,-7.798375024627271,-5.038753294880513,-2.5331211868074357,-0.01133286465851061,0.0005343835251067045,0.003792090755340418
1765410062.601097,-7.782995446436895,-5.035305501540203,-2.4577813718684403,-0.013723335985329882,0.0014810141796616596,0.005652184666562104
1765410062.601347,-7.767228191174735,-5.029340246250808,-2.3802432246980496,-0.016633805894548243,0.0023676021957603414,0.007933172405277866
1765410062.601568,-7.7508575831437305,-5.020615606448093,-2.3028301019740676,-0.020063513852800863,0.003143560464656498,0.010664328146240368
1765410062.601768,-7.7336368562933195,-5.008984877159476,-2.2280863751670474,-0.023994716254758908,0.0037584479926061416,0.013868113400895414
1765410062.601968,-7.715298202128358,-4.994415030724038,-2.1586463479291087,-0.028392689963140892,0.004165086366812668,0.017559882732834594
1765410062.602168,-7.695573212229517,-4.976998820014348,-2.0970897587519723,-0.033206556421201947,0.004322539703618556,0.021747706970350878
1765410062.602368,-7.674222712257161,-4.956959363457373,-2.045792347683598,-0.03837093609406061,0.00419872783805588,0.02643228587779647
1765410062.602688,-7.651072855239297,-4.934647034485627,-2.0067817817454965,-0.04380837869401683,0.003772459054616077,0.031606928157148995
1765410062.602938,-7.626052470374544,-4.910529173482855,-1.9816100870790418,-0.04943244183622791,0.0030347025820140765,0.03725758448289361
1765410062.603188,-7.599226006418769,-4.8851731924438715,-1.9712526925407947,-0.05515122687693431,0.0019889785397353083,0.043362929544610726
1765410062.603438,-7.570817262680733,-4.859223312096872,-1.9760415703834844,-0.060871143014803154,0.0006508195485939551,0.04989450597360857
1765410062.603606,-7.541220788666391,-4.833371188500475,-1.995637000549824,-0.06650066383828725,-0.0009536592024596714,0.05681696684945475
1765410062.603856,-7.510999439384893,-4.808321534265866,-2.0290398834276004,-0.07195385825196372,-0.002789966997423899,0.06408847376844241
1765410062.604106,-7.480867767772635,-4.784755165559772,-2.074643957523713,-0.0771535125955136,-0.004818041736652955,0.07166130979891645
1765410062.604356,-7.451661929317308,-4.7632928174676605,-2.130324381065174,-0.08203370646968805,-0.006995423978553369,0.07948274650990439
1765410062.604626,-7.424297739560663,-4.744463013545388,-2.193556306681826,-0.08654175311417547,-0.009280548073076565,0.08749616955382603
1765410062.604959,-7.399719399952037,-4.728676470135629,-2.2615550239911006,-0.09063945752662739,-0.011635892887882427,0.09564243085143294
1765410062.605293,-7.378842146886359,-4.716208593573867,-2.3314281869109177,-0.09430367880063295,-0.014030750365713395,0.10386136984222596
1765410062.605658,-7.36249274310434,-4.707191007244939,-2.400330311152132,-0.09752621079087025,-0.01644340487580958,0.11209343821540325
1765410062.605908,-7.3513522477634075,-4.7016126289687685,-2.4656099573494292,-0.10031302117314184,-0.018862564356215618,0.1202813655682354
1765410062.606158,-7.345905594946019,-4.699330187967644,-2.524940963657172,-0.1026829135057146,-0.021287941002025183,0.12837180271028714
1765410062.606408,-7.3464020216345896,-4.700086975240815,-2.5764307576393124,-0.10466569853831025,-0.02372994497601613,0.13631686889711794
1765410062.606638,-7.352829525314884,-4.703537350323352,-2.6187006272553948,-0.10629998028778027,-0.026208527238574773,0.14407552037146043
1765410062.606888,-7.364905634643117,-4.709273754663094,-2.6509342895043586,-0.10763068143455458,-0.0287512786838211,0.15161466446804397
1765410062.607138,-7.382085860792865,-4.716853167733862,-2.6728923340412654,-0.10870645161505801,-0.03139095391791795,0.1589099636992104
1765410062.607388,-7.403589932968498,-4.725820919921968,-2.684891954393909,-0.10957711697581157,-0.03416263458350216,0.1659462909423578
1765410062.60764,-7.42844414685206,-4.735730967942233,-2.6877542204154357,-0.11029133137547636,-0.03710077352025425,0.1727178014060034
1765410062.60789,-7.455536280039644,-4.746162666286777,-2.682724253713942,-0.11089457096463164,-0.0402363586992004,0.1792275893138377
1765410062.60814,-7.483678225637641,-4.756734570443182,-2.671371778120708,-0.11142757512992255,-0.04359440215301371,0.18548691153308366
1765410062.60839,-7.5116710559954605,-4.767115893337292,-2.655480138777827,-0.11192528741382683,-0.04719190656906654,0.1915139893873522
1765410062.608641,-7.538367465711802,-4.777035967791388,-2.6369315575693406,-0.11241629874020645,-0.051036410529531444,0.19733243701455713
1765410062.608891,-7.562727213819216,-4.786291654999313,-2.6175957228001243,-0.11292274427742695,-0.05512517049550608,0.20296940415748374
1765410062.609141,-7.583862184237342,-4.794752445447824,-2.5992278658103802,-0.11346055713482732,-0.059444996793498794,0.20845355812826577
1765410062.609391,-7.601068864531377,-4.8023632141121855,-2.583381225461736,-0.11403994771477474,-0.06397271756001752,0.21381305405064044
1765410062.609625,-7.613847160184663,-4.809144929675594,-2.5713375536422802,-0.11466596948554098,-0.06867620647388076,0.21907364480411454
1765410062.609958,-7.621905362323526,-4.815193537306648,-2.5640584373277,-0.11533905107821571,-0.07351588694883814,0.2242570624393253
1765410062.610292,-7.625151852605836,-4.820676561579445,-2.5621595461341133,-0.11605541064762334,-0.07844661466725752,0.2293797701157858
1765410062.610632,-7.623674970946113,-4.8258262356991715,-2.5659087602805237,-0.11680731122687613,-0.08341982710188874,0.23445214923379748
1765410062.610882,-7.617713490035908,-4.83092796146469,-2.5752470194546873,-0.1175831596499886,-0.08838582445179886,0.23947815921862303
1765410062.611132,-7.607621226023122,-4.836303909208263,-2.5898280600605093,-0.11836749183060385,-0.09329602379072248,0.24445548596550334
1765410062.611382,-7.593830230474233,-4.842292967731525,-2.6090709840217756,-0.1191409171652147,-0.0981050283720981,0.2493761664429613
1765410062.611738,-7.576817445387082,-4.84922911286602,-2.632218645947,-0.11988010686478803,-0.10277238271139283,0.2542276331910253
1765410062.611988,-7.557079313645805,-4.857420200825412,-2.658395327087344,-0.12055790277692707,-0.10726392880666866,0.25899407458625673
1765410062.612238,-7.535117409059547,-4.8671286854664135,-2.686658741455212,-0.12114360230460237,-0.11155272446152316,0.26365797659978224
1765410062.612488,-7.511435853505567,-4.878555526694068,-2.7160435386926403,-0.12160345108885583,-0.11561952338330428,0.2682017092528088
1765410062.612622,-7.486548741034166,-4.891828685088918,-2.745595492737544,-0.12190135112934175,-0.11945284707485905,0.27260903463791636
1765410062.612872,-7.460993741954145,-4.906997391194017,-2.7743970325227783,-0.12199976816674338,-0.12304870113965537,0.27686642712214243
1765410062.613122,-7.435346956894327,-4.924032275809387,-2.8015857161545856,-0.121860802553044,-0.12641000474984865,0.28096411158201184
1765410062.613372,-7.410233975560775,-4.942829969649585,-2.8263678729091932,-0.12144737600566098,-0.12954581214947275,0.2848967564059544
1765410062.61368,-7.386332830525602,-4.963220106112991,-2.848029752690226,-0.1207244793117672,-0.13247040620097628,0.2886638052510848
1765410062.614013,-7.3643658776557706,-4.984973217185377,-2.8659479539706822,-0.11966041979616004,-0.13520233460329636,0.29226947370540224
1765410062.614347,-7.345079206813812,-5.007809020377827,-2.8796001407160876,-0.11822800761877446,-0.1377634475998586,0.2957224526245642
1765410062.614667,-7.329209701091831,-5.031405110178924,-2.8885767652511443,-0.11640563229922532,-0.1401779911452084,0.29903535121804237
1765410062.614917,-7.317441296239191,-5.055405957096837,-2.8925945511142603,-0.11417819760317835,-0.14247180540637952,0.30222390302183944
1765410062.615167,-7.310353338563637,-5.079431877583924,-2.89151215506461,-0.11153789192391052,-0.14467165915093574,0.3053059670446666
1765410062.615417,-7.308364947369875,-5.103087660828706,-2.885347559095522,-0.10848477222915785,-0.1468047149807578,0.3083003842899674
1765410062.615621,-7.311679702240305,-5.12597076353539,-2.87429594780192,-0.10502713942728734,-0.14889808797377044,0.3112257794490842
1765410062.615871,-7.320234946516712,-5.147679123939134,-2.8587464992809806,-0.10118168394567682,-0.15097844737236246,0.3140994129396137
1765410062.616121,-7.3336599916310705,-5.167818568466144,-2.839296274046959,-0.09697338305176487,-0.1530716126613726,0.3169361871604416
1765410062.616371,-7.351247798707679,-5.186009645111717,-2.816758737538521,-0.09243513975370851,-0.15520209869834808,0.31974789950521343
1765410062.616649,-7.3719450870168295,-5.201893790380436,-2.792163539129793,-0.08760716775914669,-0.1573925688078076,0.32254281646613053
1765410062.616982,-7.3943657251416175,-5.215139115289402,-2.7667435573184798,-0.08253614221162282,-0.15966316784223228,0.32532561346673305
1765410062.617316,-7.416831229309921,-5.225446529765634,-2.7419053380784053,-0.07727414555062201,-0.1620307290374515,0.32809768041072696
1765410062.617705,-7.4374401580197125,-5.2325569724498715,-2.7191800473094188,-0.07187743962986035,-0.16450787204318776,0.3308577403632959
1765410062.617955,-7.45416552937217,-5.236259920231153,-2.700153841156415,-0.06640509106188862,-0.16710203523407216,0.333602683494298
1765410062.618205,-7.464976644879525,-5.236402352354489,-2.6863788176741696,-0.06091747290265816,-0.16981451943787373,0.3363284943019158
1765410062.618455,-7.46797916801397,-5.2328966454777985,-2.679268153926744,-0.05547466947167026,-0.17263965829638425,0.3390311540064773
1765410062.6187,-7.46156479265885,-5.225726176084661,-2.6799816898419118,-0.05013482264932318,-0.1755642581975415,0.34170742814086447
1765410062.61895,-7.444559112159628,-5.2149486160257625,-2.6893111869421027,-0.04495246927825974,-0.17856746038624355,0.344355485455097
1765410062.6192,-7.416353850357166,-5.200697976597757,-2.7075772324081377,-0.03997692259139182,-0.18162117104203418,0.34697531994803027
1765410062.61945,-7.37700875969134,-5.183186419582066,-2.7345510060496183,-0.03525074635281307,-0.18469117765922582,0.3495689609384904
1765410062.6196,-7.327310352431303,-5.162705976386501,-2.7694127820820555,-0.03080836444506901,-0.18773900780264888,0.35214046947817995
1765410062.619933,-7.268778857284966,-5.139629720595023,-2.8107554263895413,-0.02667484498949166,-0.19072448319426724,0.35469573914437486
1765410062.620267,-7.203619618596625,-5.11441212567583,-2.856636973803996,-0.02286489741925417,-0.1936087999499356,0.357242134667558
1765410062.620562,-7.134619246027462,-5.087588641359294,-2.904682682629159,-0.019382122577567582,-0.1963578673811962,0.3597880025558245
1765410062.620812,-7.0649908305270674,-5.0597741226276005,-2.9522327283319227,-0.016218558607618675,-0.19894559389537722,0.3623420809971257
1765410062.621062,-6.998177954371459,-5.031658768664365,-2.9965255436275555,-0.01335456879430076,-0.20135681516286563,0.3649128372787173
1765410062.621312,-6.937633660604705,-5.003999538036915,-3.0348998707694985,-0.010759122211608747,-0.20358959261830073,0.36750777262892115
1765410062.621556,-6.886595283283123,-4.977605183746982,-3.0649942433927726,-0.008390520092606294,-0.20565665765899888,0.3701327465473692
1765410062.621806,-6.847876646930083,-4.953313967761669,-3.0849231601301437,-0.006197610678909677,-0.20758584635067992,0.37279137740869783
1765410062.622056,-6.823695766991916,-4.93196433938804,-3.0934136957818668,-0.004121506124439839,-0.2094194627198384,0.37548457182779243
1765410062.622306,-6.815550771389846,-4.9143599960541335,-3.0898920233683436,-0.0020977673511559693,-0.2112126048943058,0.3782102215494946
1765410062.622568,-6.824150982970255,-4.901231422408721,-3.0745146049983503,-5.8960964286363105e-05,-0.21303056254010241,0.38096308639050547
1765410062.622818,-6.84940459155606,-4.89319609501902,-3.048143545718292,0.00206257416758082,-0.21494544166862883,0.38373486369743975
1765410062.623068,-6.890459298586219,-4.89071934336093,-3.012270078248312,0.0043319649469661424,-0.21703220837639506,0.38651443597798385
1765410062.623318,-6.945788048133396,-4.89407777051266,-2.9688942855389384,0.006809276217111318,-0.21936438108346004,0.38928828853487146
1765410062.623609,-7.013308851909318,-4.903327251749304,-2.920372640260369,0.009547418258238814,-0.22200964198483508,0.3920410948638537
1765410062.623942,-7.090525985185321,-4.918277754039034,-2.8692474121641993,0.012590632199249318,-0.225025669301984,0.3947564767877904
1765410062.624276,-7.174679534585463,-4.938477587524898,-2.8180731708705746,0.01597362526048878,-0.22845649584071134,0.39741795212287484
1765410062.624616,-7.262891569654941,-4.963210189429492,-2.7692550545655483,0.01972135454488645,-0.232329666169793,0.400010072201087
1765410062.624866,-7.35230036911632,-4.991506639869169,-2.7249106975271573,0.023849387189745466,-0.2366543928894673,0.4025197173440696
1765410062.625116,-7.440178932108934,-5.022176124390862,-2.686762927881048,0.028364704404877605,-0.24142080896376777,0.4049374710861755
1765410062.625366,-7.524038798218415,-5.053854535141878,-2.6560651397569783,0.03326677717072625,-0.2466002977843304,0.4072589555874627
1765410062.625595,-7.601722435986206,-5.085069219443473,-2.6335577653246096,0.03854872659024511,-0.2521467894850669,0.40948599310451395
1765410062.625845,-7.6714858948883675,-5.114316286535997,-2.6194533554081225,0.04419838839290436,-0.25799887084338347,0.41162745455808386
1765410062.626095,-7.732069322160428,-5.140145842037885,-2.6134484393127106,0.05019912279146305,-0.26408256504170585,0.413699655992902
1765410062.626345,-7.78274893721793,-5.161249561549816,-2.6147611903260852,0.05653024892143823,-0.27031466345455185,0.41572617200008644
1765410062.626658,-7.823362584978628,-5.176543943909163,-2.6221938645396294,0.06316704501097756,-0.27660649802704523,0.4177369692264559
1765410062.626908,-7.854303404989595,-5.185241878920256,-2.634217046355093,0.07008034276340724,-0.282868010908579,0.4197668353646348
1765410062.627158,-7.87648148407551,-5.1869055791649545,-2.649069355847925,0.0772358453848206,-0.28901191500272455,0.4218531832083015
1765410062.627408,-7.891258306189226,-5.181475667496139,-2.6648639440661626,0.08459339119997103,-0.2949576797406275,0.42403341821347557
1765410062.62758,-7.900360491992373,-5.1692737488264795,-2.6796938386329954,0.0921064441825206,-0.3006350624952835,0.42634213820658867
1765410062.627913,-7.905777957554213,-5.150978502377957,-2.6917310598576094,0.09972210133216353,-0.3059869538589805,0.4288084676673407
1765410062.628247,-7.909649808662614,-5.127577971534038,-2.699316822082193,0.10738185959656371,-0.310971396650702,0.4314538165794926
1765410062.628585,-7.914141177205534,-5.100303130820076,-2.7010406593701473,0.11502328859302229,-0.3155627413054065,0.4342902976591029
1765410062.628835,-7.92131610316905,-5.070549403468382,-2.6958053333442025,0.12258262548351645,-0.3197519886091046,0.4373199362534571
1765410062.629085,-7.933014467083011,-5.039792902563073,-2.6828729305940286,0.1299981648168562,-0.3235464353810003,0.44053467752546566
1765410062.629335,-7.950743427819489,-5.009506721676599,-2.661886815974415,0.13721417963899948,-0.32696877931656954,0.4439170716478079
1765410062.631106,-7.975594423417894,-4.981080480085424,-2.6328653531277837,0.14418500509859938,-0.33005584948684735,0.4474414433396753
1765410062.631356,-8.008194706577365,-4.955744896729223,-2.5961671424511907,0.15087886358162408,-0.3328570982367813,0.4510753490650194
1765410062.631606,-8.048697769284002,-4.934503415033304,-2.552432940170153,0.15728101234222044,-0.3354329221957799,0.4547811792929727
1765410062.631856,-8.096811044290694,-4.9180746463139196,-2.5025141371832973,0.16339583508373534,-0.3378528000434777,0.45851783646780886
1765410062.631183,-8.151853628076795,-4.906851347035214,-2.447399782773451,0.1692475705491499,-0.34019317538427907,0.4622424739654289
1765410062.631516,-8.212832887807522,-4.9008823396849674,-2.3881532545802675,0.17487948186128402,-0.34253500087428773,0.46591229801816725
1765410062.63185,-8.2785275105513,-4.899882353976378,-2.325866666080831,0.18035142582337257,-0.34496090440157023,0.46948641749598435
1765410062.631762,-8.347565947706585,-4.903271049234645,-2.261637111899131,0.18573597238961295,-0.34755202128843343,0.4729276933037059
1765410062.632012,-8.418492607880015,-4.9102373146113765,-2.1965647333544367,0.1911134253574879,-0.35038461816897676,0.47620450670195613
1765410062.632262,-8.489818259687349,-4.9198201664293855,-2.1317687107209085,0.19656626236073013,-0.35352668319023994,0.4792923429312661
1765410062.632512,-8.560054896223699,-4.930994854915606,-2.0684136215673106,0.2021735933463966,-0.3570346687003863,0.4821750772082611
1765410062.632624,-8.627738496383172,-4.942752614602865,-2.0077354431361227,0.20800620089600644,-0.3609505574694383,0.4848458598241724
1765410062.632874,-8.69144546855243,-4.954164559120086,-1.9510550781038747,0.21412258605081796,-0.3652993968137693,0.48730753054708126
1765410062.633124,-8.749809490355009,-4.9644242032803145,-1.8997689333963468,0.22056624777276757,-0.3700874256001829,0.4895725423061498
1765410062.633374,-8.801544734549179,-4.972868109889261,-1.8553104140925407,0.2273642273244327,-0.3753009221332955,0.49166241715271924
1765410062.633625,-8.845479570754419,-4.97897846184154,-1.8190813688997265,0.23452678779906472,-0.38090592132582274,0.49360677438116646
1765410062.633958,-8.880602037326433,-4.982373511547485,-1.792357394969265,0.24204798643482447,-0.38684896088630755,0.4954419661565681
1765410062.634292,-8.906114478927401,-4.982791847094959,-1.7761759323862274,0.24990683527293722,-0.3930589927072394,0.49720935301682223
1765410062.634582,-8.92149036278866,-4.980075230986991,-1.7712212992193026,0.2580687438911374,-0.3994505291188973,0.49895326765109693
1765410062.634832,-8.926523472407183,-4.974153307359389,-1.7777241528435745,0.26648700825684657,-0.40592798923927137,0.5007187487071849
1765410062.635082,-8.921360126934834,-4.965032104753238,-1.7953919452060223,0.27510424402390193,-0.41239108027756444,0.502549162969992
1765410062.635332,-8.906508275291111,-4.9527870584521025,-1.8233821703201645,0.2838538269686973,-0.4187409144185486,0.5044838617259518
1765410062.635608,-8.882821218665448,-4.937560256543352,-1.8603243707380857,0.29266155227155116,-0.42488644939459963,0.5065560308789113
1765410062.635941,-8.851456844510311,-4.9195607546440865,-1.904391779360395,0.30144781187760344,-0.4307507618225775,0.5087908935340277
1765410062.636275,-8.81381564960487,-4.899066063497622,-1.9534182820906394,0.3101305739596529,-0.4362766133419299,0.5112044061386218
1765410062.636718,-8.771463149061216,-4.876422351315759,-2.0050497197713706,0.31862930981474646,-0.44143074957984807,0.5138025521863246
1765410062.636968,-8.726044337042211,-4.852040682644463,-2.056911563839663,0.32686977264379596,-0.44620640195139877,0.5165812815137701
1765410062.637218,-8.679198517171214,-4.826386839712803,-2.1067714718552706,0.33478925465206905,-0.4506235893634402,0.5195270744078967
1765410062.637468,-8.63248137803279,-4.799962983138322,-2.1526780021083725,0.3423417147405902,-0.45472707638221505,0.5226180415197851
1765410062.637681,-8.58729850154335,-4.773280774805626,-2.1930645149428236,0.34950204130672335,-0.45858219475690665,0.5258254218483611
1765410062.637931,-8.544852153357528,-4.746827706179577,-2.2268153982964023,0.3562687229751545,-0.46226905335524254,0.529115324117925
1765410062.638181,-8.506102318329477,-4.721030718487369,-2.253296211907079,0.3626643472081053,-0.46587583141662353,0.5324505671885873
1765410062.638431,-8.471743535089141,-4.6962226436246715,-2.2723498010194336,0.3687336182328704,-0.4694918469248761,0.5357925008549372
1765410062.63871,-8.442199911655077,-4.6726167040961,-2.284260008892064,0.3745389477609735,-0.47320097665154315,0.5391027259159483
1765410062.639043,-8.417640065882324,-4.650292466281875,-2.2896863872768467,0.38015406141249425,-0.477075856255526,0.5423446826969089
1765410062.639377,-8.398011200317788,-4.629194341018821,-2.289576747298994,0.3856563926062821,-0.4811731551752737,0.5454851304797301
1765410062.639728,-8.38308847380628,-4.609142172186293,-2.2850662539368733,0.39111922056873655,-0.48553011326982876,0.5484955720380341
1765410062.639978,-8.37253401290078,-4.589852912815971,-2.2773703579517,0.39660450795499363,-0.49016243959908384,0.5513536619367845
1765410062.640228,-8.365959808645806,-4.570972040549397,-2.267676114897974,0.4021572236204481,-0.4950636060920612,0.5540445706002965
1765410062.640478,-8.362989425944399,-4.552112488672799,-2.2570354299386928,0.4078016613835703,-0.500205523051144,0.5565621863304973
1765410062.640673,-8.363313578422533,-4.53289776192392,-2.2462654180401778,0.4135399609273926,-0.5055405539409867,0.5589099617686284
1765410062.640923,-8.366733698320177,-4.513005152881255,-2.2358638540375284,0.41935275520009135,-0.5110047928516991,0.5611011686383576
1765410062.641173,-8.373186665286184,-4.492204361117772,-2.2259494606089323,0.4252016385114011,-0.5165224725995975,0.5631583232847303
1765410062.641423,-8.382744929034683,-4.470385934516283,-2.216236177753514,0.43103299432633274,-0.522011299444203,0.5651116063661064
1765410062.641701,-8.395590598574877,-4.447573584965274,-2.206047390063649,0.43678266392839976,-0.5273884324644057,0.5669962429540994
1765410062.642034,-8.411968194233811,-4.423916031542766,-2.194371333590715,0.44238097688817607,-0.5325767371660366,0.568849013699728
1765410062.642368,-8.432125459969908,-4.399657703761719,-2.179954013465287,0.44775776518163624,-0.5375108388422937,0.5707042706918026
1765410062.642705,-8.456253003586674,-4.375091908104085,-2.161421690881269,0.4528470916557221,-0.5421424083284898,0.5725899732210631
1765410062.642955,-8.48443213612397,-4.350503667960157,-2.1374212037018245,0.4575915022398743,-0.5464440877998669,0.5745243117372727
1765410062.643205,-8.51659758557422,-4.326112131370999,-2.106763281864501,0.4619456488219623,-0.5504115511197991,0.5765134446500728
1765410062.643455,-8.552518537508563,-4.302023774342815,-2.068553112138471,0.46587913738906084,-0.5540633936480458,0.5785507298821129
1765410062.643684,-8.591797802002251,-4.278206585057372,-2.022295396489179,0.46937845563980723,-0.5574388303986038,0.5806176077061732
1765410062.644017,-8.633885128782568,-4.254491638351678,-1.9679674949659367,0.47244784527935946,-0.560593493977993,0.5826860274092959
1765410062.644351,-8.678097932756978,-4.230602988693302,-1.9060603567760308,0.47510902207405376,-0.563593878599189,0.584722062819671
1765410062.644606,-8.723642496245356,-4.2062110769969765,-1.8375889349072176,0.4773997231964455,-0.5665110954924419,0.586690175664665
1765410062.644856,-8.769631595043588,-4.180999721336125,-1.7640713858847386,0.4793711742217417,-0.569414584032639,0.5885574921349334
1765410062.645106,-8.815099048233469,-4.154732846524434,-1.687473308736471,0.4810846936932044,-0.5723663224980143,0.5902974790580553
1765410062.645356,-8.85901558892114,-4.127305604066212,-1.6101132829207048,0.4826077527913709,-0.5754159510651484,0.591892547736551
1765410062.645573,-8.900312218130109,-4.098766994286329,-1.5345292259222012,0.48400984456164436,-0.5785970703660911,0.5933353467555755
1765410062.645823,-8.937916656093261,-4.0693079482364665,-1.463309646540385,0.4853584769534445,-0.5819248385037139,0.5946287599676637
1765410062.646073,-8.970805904984026,-4.039218134758597,-1.3988989920221593,0.4867155074062574,-0.585394911085603,0.595784820597976
1765410062.646323,-8.99807362054212,-4.00882289269133,-1.3433925867519187,0.48813393327602245,-0.5889837714966569,0.596822843990498
1765410062.646599,-9.019005788299118,-3.978415649740607,-1.2983434349679916,0.4896551885935774,-0.5926505273876979,0.597767088270063
1765410062.646932,-9.033153530433722,-3.9482004608194794,-1.2646075381016035,0.49130698398632544,-0.5963402219271344,0.5986442218463208
1765410062.647266,-9.040389412155202,-3.918255409014477,-1.2422534391214477,0.49310174395770795,-0.5999885884986972,0.5994808399597024
1765410062.647696,-9.040934774460903,-3.8885223534782165,-1.2305548132566548,0.4950357323978335,-0.6035279898974876,0.6003012338957313
1765410062.647946,-9.0353505386733,-3.8588230256145755,-1.2280737008862033,0.49708901745108325,-0.6068940702712049,0.6011255755421394
1765410062.648196,-9.024491090969207,-3.8288967872543225,-1.232828347542673,0.49922649741467645,-0.6100324386535823,0.6019686395465663
1765410062.648446,-9.00942806846526,-3.7984526294595415,-1.242524941551236,0.5014002380316996,-0.6129045358059972,0.6028391396897363
1765410062.648665,-8.991356304716472,-3.7672274043669094,-1.2548193604102653,0.5035532944651009,-0.6154918007029048,0.6037396900843125
1765410062.648915,-8.971496681693383,-3.7350424358617937,-1.2675681152610339,0.5056249785321901,-0.6177974522882212,0.6046673125269639
1765410062.649165,-8.951009962661026,-3.701850200473674,-1.2790309272499383,0.5075572141128586,-0.6198456327020866,0.6056143239525328
1765410062.649415,-8.930932597826088,-3.6677624451118103,-1.2879995817638046,0.5093012936826958,-0.6216781572480072,0.6065693934154132
1765410062.64959,-8.912140852467335,-3.633052918301058,-1.2938432255176358,0.5108241241738698,-0.6233494810900103,0.6075185800737279
1765410062.649923,-8.895343771589497,-3.598132295128957,-1.2964742132286922,0.5121130047082084,-0.6249206444374885,0.6084462374833375
1765410062.650257,-8.881099028165172,-3.5634980559296783,-1.2962497788818284,0.5131781180196123,-0.6264529578219284,0.6093357614712153
1765410062.650661,-8.869840295462572,-3.529666347245428,-1.2938330921181027,0.5140522195943052,-0.628002117695351,0.6101702495980251
1765410062.650911,-8.861902830922874,-3.4970963050849413,-1.290040807561077,0.5147874391161612,-0.629613321142337,0.6109332167742183
1765410062.651161,-8.857536662838518,-3.4661202921296894,-1.2857013560489183,0.5154495874267495,-0.6313177768030084,0.6116095389123741
1765410062.651411,-8.856902859711417,-3.436894748200794,-1.2815406780041878,0.5161107674577848,-0.6331308204735434,0.6121867340463513
1765410062.651598,-8.860055136020213,-3.409383912274764,-1.2781036991162273,0.5168413220330518,-0.6350516822665999,0.6126565418336818
1765410062.651848,-8.866914287439625,-3.3833820736634648,-1.2757129073832407,0.5177021872976152,-0.637064820596496,0.6130165864723832
1765410062.652098,-8.877245320754453,-3.3585710171837047,-1.2744603425098893,0.5187385805238618,-0.6391426069897257,0.6132717764919327
1765410062.652348,-8.890645850449282,-3.334600685510293,-1.274226739296014,0.5199756751557992,-0.641249005134726,0.6134350546984687
1765410062.652643,-8.906549899625125,-3.311175102545452,-1.274721750157509,0.5214165623131365,-0.6433437648578285,0.613527184022525
1765410062.652976,-8.92424625005233,-3.2881239688963575,-1.2755400199626108,0.5230424498358824,-0.645386580916175,0.6135754390459159
1765410062.65331,-8.942907838336582,-3.2654440970776064,-1.2762263638917888,0.5248147906435655,-0.6473406686208008,0.6136113283480569
1765410062.65365,-8.961628755759277,-3.243303423398657,-1.2763398036731144,0.5266789039656552,-0.6491753031355656,0.6136677146159101
1765410062.6539,-8.979466017923624,-3.2220107106616305,-1.2755052080635028,0.5285686418704686,-0.6508670749784113,0.6137758374665636
1765410062.65415,-8.995482927937218,-3.2019620263762754,-1.2734456892706936,0.5304117133084354,-0.6523999034723814,0.6139627399689456
1765410062.6544,-9.008790523273653,-3.1835780885524443,-1.2699957554784294,0.5321353596411023,-0.653764118899016,0.6142494849171832
1765410062.654606,-9.018584598480157,-3.167245293019913,-1.265099384231318,0.5336721334034652,-0.6549550524319496,0.6146503818764276
1765410062.654856,-9.02417739948193,-3.153270013085728,-1.2587977020923904,0.5349655298445362,-0.6559715312378821,0.6151732724256288
1765410062.655106,-9.025023676835003,-3.141851971511623,-1.251210423361418,0.5359751602432093,-0.6568145457147783,0.6158207509743655
1765410062.655356,-9.02074058041396,-3.1330780925368913,-1.242514612997488,0.5366810812181779,-0.6574862313527572,0.6165920382053641
1765410062.655582,-9.011121447587783,-3.126933522917707,-1.2329224424103786,0.5370868478217784,-0.6579892174191283,0.6174850944561973
1765410062.655915,-8.996144979353698,-3.1233229410355574,-1.2226566233300498,0.537220853593603,-0.6583263315980944,0.6184984955119229
1765410062.656249,-8.975981971671587,-3.122094043909782,-1.2119208342831445,0.5371355775471892,-0.6585006304161857,0.6196326234560853
1765410062.656655,-8.951000764905167,-3.1230557441359537,-1.2008646647624255,0.536904523166847,-0.6585157653793712,0.6208898603452626
1765410062.656905,-8.92177062571083,-3.125985157674732,-1.1895473162634858,0.5366169235660425,-0.6583767446632369,0.6222736959858409
1765410062.657155,-8.889060211940004,-3.1306200631675263,-1.1779088192067027,0.536370629033535,-0.6580911171695557,0.6237869255460656
1765410062.657405,-8.853826321179863,-3.136637571198303,-1.1657596655095164,0.5362638739823791,-0.6576704576754422,0.6254293455172472
1765410062.657572,-8.817187236074707,-3.14362433874614,-1.152797810675324,0.536386771024425,-0.6571318390863815,0.6271954928758998
1765410062.657822,-8.780377105507798,-3.1510472182025473,-1.138654951706179,0.5368134012702489,-0.6564988441814925,0.62907298891956
1765410062.658072,-8.744683311692521,-3.1582350466101943,-1.1229640037013713,0.5375952861437352,-0.6558016649378647,0.6310419541591954
1765410062.658322,-8.711374690656779,-3.1643821779815338,-1.1054324212345934,0.5387568523198251,-0.6550759915524307,0.6330757628247606
1765410062.658674,-8.681631119610334,-3.1685816807250595,-1.0859055162242073,0.540293265419886,-0.6543606777955507,0.6351431267169366
1765410062.659007,-8.656483703945648,-3.169890563173872,-1.064408611430692,0.542170766031396,-0.6536944762911218,0.6372112038964136
1765410062.659341,-8.636771654438276,-3.1674221599831003,-1.0411622788415857,0.5443294418708526,-0.6531123323363458,0.6392492023666984
1765410062.659703,-8.623118792472075,-3.160453837993518,-1.0165687428550858,0.5466882157605525,-0.6526417540246202,0.6412318397712381
1765410062.659953,-8.615929862241929,-3.1485328501724648,-0.9911702703828353,0.5491516953032496,-0.6522996961652996,0.6431420353463404
1765410062.660203,-8.61540425602509,-3.1315605907680455,-0.9655831820127928,0.5516183962143675,-0.6520902957930473,0.64497234985105
1765410062.660453,-8.621562351733246,-3.1098370466013674,-0.9404146527926058,0.5539897098430845,-0.6520037201194857,0.6467249356766898
1765410062.660796,-8.634277702077751,-3.0840535834524068,-0.9161734946242764,0.556178846794007,-0.6520163169040987,0.6484100533947817
1765410062.661046,-8.653307237080032,-3.0552320793687677,-0.8931895368668276,0.5581188901035974,-0.6520921567441242,0.6500434717462371
1765410062.661296,-8.67831174215093,-3.024618843677051,-0.8715579281818807,0.5597690851636562,-0.6521859117227,0.6516432395272084
1765410062.661546,-8.708860089043755,-2.9935496288535335,-0.8511239216957522,0.5611186141579955,-0.6522468396519,0.6532263852570053
1765410062.661692,-8.744413006478354,-2.963305562284839,-0.8315194097126565,0.5621873476419655,-0.6522234627776353,0.6548060744932285
1765410062.662025,-8.78428610071735,-2.934979157440264,-0.8122532876887238,0.5630234028608161,-0.6520683653309334,0.6563896561043374
1765410062.662359,-8.827597675411043,-2.909366415927773,-0.792844133188893,0.563697724716022,-0.6517424212426343,0.6579778824032787
1765410062.662639,-8.873213377244664,-2.8868971649545316,-0.7729701619732522,0.5642962907449373,-0.6512177729050777,0.6595654082250384
1765410062.662889,-8.919704270126118,-2.867611429036054,-0.7526045958630643,0.5649108595434492,-0.6504790769334406,0.6611424607640144
1765410062.663139,-8.965335744323417,-2.8511838064487436,-0.7321075423636052,0.5656293658231974,-0.6495228817678091,0.6626973452633783
1765410062.663389,-9.008101459756956,-2.8369904479271204,-0.7122550800897541,0.5665270805552046,-0.6483553729720632,0.6642192785291423
1765410062.663607,-9.045809934248899,-2.824206377760809,-0.6941973451207893,0.5676595022891965,-0.6469889858041215,0.6657009930123832
1765410062.663857,-9.076222325906903,-2.8119171038546007,-0.6793481725423289,0.5690576504680288,-0.6454384982432814,0.6671406393126198
1765410062.664107,-9.097229965852277,-2.7992285656533635,-0.6692197213920494,0.5707260555714007,-0.6437172108758228,0.668542690521383
1765410062.664357,-9.107051558249715,-2.785362555353841,-0.6652250533287922,0.5726433762586903,-0.6418337404901446,0.6699177645464146
1765410062.664592,-9.104425017798803,-2.7697295048404165,-0.6684765015113681,0.5747652889396605,-0.6397898399362117,0.6712814805266378
1765410062.664925,-9.088768848821438,-2.7519756339867567,-0.6796068338165627,0.5770291138637209,-0.6375795320612635,0.6726526053606604
1765410062.665259,-9.060291837627373,-2.732005275627007,-0.698636517441597,0.5793595726958602,-0.6351897193155385,0.6740508069400863
1765410062.667071,-9.020035406010052,-2.709980628039581,-0.7249065455871823,0.5816751136259372,-0.6326022941376126,0.6754943353440653
1765410062.667321,-8.96983917371594,-2.6863009444705117,-0.7570912129339025,0.583894350036415,-0.6297976014470359,0.6769979348718479
1765410062.667571,-8.912227855736004,-2.6615630896230464,-0.7932961823079834,0.5859422701860938,-0.6267588686697618,0.6785712525538757
1765410062.667821,-8.850227258719244,-2.6365063234521577,-0.8312339915728546,0.5877559439270764,-0.6234769474774732,0.6802179353891835
1765410062.667138,-8.787127843357169,-2.611945457449823,-0.8684544897700934,0.5892894723561308,-0.6199545055846266,0.6819354941417022
1765410062.667388,-8.726223411411215,-2.5886974347331586,-0.9025955401203183,0.5905179084449208,-0.6162087871434426,0.6837158780984037
1765410062.667638,-8.670556553487001,-2.5675067934874196,-0.931614677486685,0.591439837597972,-0.612272283217184,0.6855465876009796
1765410062.667888,-8.622699575825177,-2.54897535861262,-0.9539686515120659,0.592078277901484,-0.6081910704695087,0.6874120826615328
1765410062.667632,-8.584591277387924,-2.533501046860304,-0.9687220281339843,0.5924795891446032,-0.6040210532650574,0.6892952519105341
1765410062.667882,-8.557440326461167,-2.521230566818556,-0.9755804513138153,0.5927102120918678,-0.5998227351859371,0.6911787847492995
1765410062.668132,-8.541698155655409,-2.512031325873258,-0.9748537461655661,0.5928513035300138,-0.5956553599934771,0.6930463978523458
1765410062.668382,-8.537098262488287,-2.505488092091792,-0.9673598665149349,0.5929916493593571,-0.5915712822683679,0.6948839512455938
1765410062.668664,-8.542753562663618,-2.500928812145537,-0.9542850770924747,0.5932195522833347,-0.5876112898354511,0.6966805236380701
1765410062.668997,-8.557299515960803,-2.497481454206105,-0.9370179641543378,0.5936146123216228,-0.5838013660867951,0.6984294968248617
1765410062.669331,-8.579068947657612,-2.494160384757281,-0.9169739105464366,0.5942403806319865,-0.5801511188044886,0.7001296221548335
1765410062.669671,-8.606283451200019,-2.489976575365111,-0.895425094994567,0.5951387598974206,-0.5766538752139306,0.7017859224625123
1765410062.669921,-8.637244041852988,-2.484060538762861,-0.8733519208282662,0.5963267811789179,-0.5732882909674981,0.7034101653836705
1765410062.670171,-8.670501199693941,-2.475781028883913,-0.8513337460193697,0.59779605272352,-0.5700212316552797,0.705020588666442
1765410062.670421,-8.704984290925799,-2.4648384337296534,-0.8294958983403292,0.5995148031071932,-0.5668115966301828,0.7066406139955668
1765410062.670667,-8.740073942453092,-2.4513120680672666,-0.8075239746021046,0.6014320925898866,-0.5636146199188866,0.7082964664337466
1765410062.670917,-8.775608299287825,-2.4356467675977482,-0.7847452610173786,0.6034835095432304,-0.5603860402632698,0.7100138854102135
1765410062.671167,-8.811824841277206,-2.418575764855712,-0.7602626426105447,0.6055975599239442,-0.5570854922035168,0.7118143895215228
1765410062.671417,-8.849251150725106,-2.4009906935420644,-0.7331141189909985,0.6077020145210977,-0.5536786181180987,0.7137117408794346
1765410062.671606,-8.888565878169985,-2.383780959468221,-0.7024278500371884,0.6097296574074228,-0.550137705797131,0.7157092737577941
1765410062.671939,-8.93045166864079,-2.3676700745893626,-0.6675500535277469,0.6116230969901418,-0.5464409860235377,0.7177986104330896
1765410062.672273,-8.975456159726972,-2.3530756801675845,-0.6281355940717206,0.6133384793467438,-0.5425709610766368,0.719960048141191
1765410062.672638,-9.023869889020906,-2.340014915217738,-0.5842018718468732,0.6148480370898161,-0.5385122435444888,0.7221646299473946
1765410062.672888,-9.075625181910924,-2.3280693578348686,-0.5361523550583126,0.6161414261589807,-0.5342493870679847,0.724377652169391
1765410062.673138,-9.130219312172912,-2.3164150733989297,-0.4847766442094906,0.6172258045608092,-0.5297651163105475,0.7265631463392329
1765410062.673388,-9.18666729173649,-2.303914423020254,-0.4312303666414684,0.618124639983338,-0.5250392415556692,0.728688726475953
1765410062.67364,-9.243491703183054,-2.289258222493988,-0.3769931968864078,0.6188753012218102,-0.5200484169972217,0.7307301132639556
1765410062.67389,-9.298756325662104,-2.271139940602349,-0.3238010830400093,0.6195255765125758,-0.5147668251597405,0.7326746385334033
1765410062.67414,-9.350146579778068,-2.2484380504206536,-0.2735514546670567,0.6201293660126832,-0.5091678603637481,0.7345231245149686
1765410062.67439,-9.395094858490028,-2.220379592915557,-0.22818567668494516,0.6207419041578365,-0.5032268748084505,0.7362897504591072
1765410062.674653,-9.430943880412643,-2.186659500165853,-0.189558242883239,0.621414943758385,-0.49692493374733765,0.7379998470121198
1765410062.674903,-9.455136047691699,-2.1474971443721405,-0.15930641835465625,0.6221923428998041,-0.4902532681360118,0.7396859282896019
1765410062.675153,-9.465411917849995,-2.103622404521902,-0.1387364501174138,0.6231064366654943,-0.4832178011460139,0.7413825941082343
1765410062.675403,-9.459998597260961,-2.0561952882180417,-0.12874008922873795,0.6241754716644632,-0.47584289320266043,0.7431211321242628
1765410062.675612,-9.437770617770164,-2.0066731461902045,-0.12974703279744193,0.6254022514648848,-0.46817340481660985,0.7449246785738917
1765410062.675945,-9.398370338246718,-1.956646257550473,-0.1417097175429509,0.6267739923264662,-0.46027437808862315,0.7468046621677075
1765410062.676279,-9.342279723390956,-1.9076655522953585,-0.1641125800871571,0.628263242781142,-0.4522280693881293,0.7487590040367749
1765410062.676626,-9.270839277254915,-1.8610856671207154,-0.19599930854035777,0.6298296344468517,-0.44412859175046626,0.750772239627767
1765410062.676876,-9.186212567915904,-1.8179428718302963,-0.23601544317016476,0.6314222536233856,-0.4360748480453572,0.7528174216479245
1765410062.677126,-9.091296017126595,-1.7788809998818407,-0.2824669414711956,0.6329825259308491,-0.42816263509410285,0.754859398234169
1765410062.677376,-8.989574740314957,-1.7441298375969168,-0.3333964363349305,0.6344475957499972,-0.4204768023628546,0.7568588749024602
1765410062.677682,-8.8849289964494,-1.7135309414412203,-0.386676902593486,0.6357541833674297,-0.4130842518525845,0.7587765970891063
1765410062.677932,-8.781403236064337,-1.6865982047370278,-0.4401178146399885,0.6368428103447976,-0.4060284187295425,0.7605770446351051
1765410062.678182,-8.682957801239219,-1.6625971965559292,-0.4915742514572812,0.6376621419192534,-0.39932568191865137,0.7622311878888269
1765410062.678432,-8.593227764321686,-1.6406289769205475,-0.5390474540454524,0.6381730610694474,-0.3929639543988013,0.7637180700662121
1765410062.678642,-8.515312492263654,-1.6197090219283683,-0.5807668508749827,0.638352012074264,-0.3869035488970327,0.7650251980056632
1765410062.678975,-8.45161426352863,-1.5988372250079157,-0.6152479246960887,0.638193157528373,-0.3810803048923035,0.7661478983643364
1765410062.679309,-8.403736615954795,-1.5770585106826336,-0.6413261104716532,0.6377089767608245,-0.3754108355756946,0.7670879064526054
1765410062.679574,-8.372445497231473,-1.5535148708238424,-0.6581718615712174,0.636929083280372,-0.3697995699580168,0.7678515037860063
1765410062.679824,-8.357690730629862,-1.5274893648886787,-0.6652939134112551,0.6358972538300908,-0.3641470503377328,0.7684475241384734
1765410062.680074,-8.35868178923399,-1.4984417845437625,-0.662536345629456,0.6346669283096806,-0.35835874502253,0.7688855180531796
1765410062.680324,-8.374009040902495,-1.4660347997636964,-0.6500715796534843,0.6332957007656587,-0.3523534925821016,0.7691743035267748
1765410062.680571,-8.401799161506968,-1.4301487746730508,-0.6283870881258521,0.6318394926201638,-0.3460706597064345,0.769321034297725
1765410062.680821,-8.439891931930875,-1.3908833589011789,-0.5982597931390099,0.6303471196721692,-0.33947521430351085,0.7693307954100932
1765410062.681071,-8.486024632309746,-1.3485444067956807,-0.5607119043532165,0.6288558332220004,-0.33256017963011486,0.7692066143118507
1765410062.681321,-8.538008537922023,-1.303615300367148,-0.5169472783391699,0.6273881900385481,-0.3253462820760395,0.7689496931446865
1765410062.681563,-8.593880234529244,-1.2567121340560197,-0.46827546034739226,0.6259503648487602,-0.3178789579262394,0.7685596590662969
1765410062.681813,-8.652010950563888,-1.2085231403135581,-0.41603605014382894,0.6245318199935593,-0.31022317531673077,0.768034701958004
1765410062.682063,-8.71116111242863,-1.159735203896264,-0.36153680993273685,0.6231061125254479,-0.30245671036297445,0.7673715897810739
1765410062.682313,-8.77047419984992,-1.1109542880337833,-0.3060164279116085,0.6216325583014736,-0.2946625816861347,0.7665656677817501
1765410062.682594,-8.829413030798342,-1.062630597560751,-0.2506375157353572,0.6200584954598749,-0.28692131911500557,0.7656110186748699
1765410062.682927,-8.88765251154465,-1.0150014610672546,-0.19650622221323868,0.6183219882594634,-0.2793036513184679,0.764500968687076
1765410062.683261,-8.94495331508576,-0.9680640544156586,-0.14470367789834926,0.6163549382432849,-0.27186407730277873,0.7632290633354765
1765410062.683617,-9.00104612342036,-0.9215861255230875,-0.09630740193022035,0.6140866523395361,-0.2646356875229407,0.7617905162641538
1765410062.683867,-9.055552572350669,-0.8751567867361886,-0.05238285907153484,0.6114479119637775,-0.25762655852266175,0.7601839844151267
1765410062.684117,-9.10795838271913,-0.8282727475107794,-0.013935561830855807,0.6083754953734433,-0.25081803636248456,0.7584133841971439
1765410062.684367,-9.15764143212122,-0.7804492538644466,0.018173224070410506,0.6048169578060054,-0.24416518072137297,0.7564893706167163
1765410062.684591,-9.203946894922302,-0.7313399462195558,0.04333403781929137,0.600735310919998,-0.23759951782953515,0.7544300773178256
1765410062.684841,-9.246293936702116,-0.6808462969130753,0.0613008065139813,0.5961131090014675,-0.2310340491696779,0.7522607765062336
1765410062.685091,-9.284292974370533,-0.6291964178491845,0.07228430251733062,0.5909553836955176,-0.22437021545385563,0.7500122717917831
1765410062.685341,-9.317849610072498,-0.5769760877632304,0.07700574509211174,0.5852909025430695,-0.2175062647418935,0.7477180706692454
1765410062.685631,-9.347233209832174,-0.5251019096827874,0.07669419509258545,0.5791713796365034,-0.2103462654268376,0.7454106539823924
1765410062.685881,-9.373096078909436,-0.4747363701851548,0.07302222302320535,0.5726685281302687,-0.20280887464224365,0.7431174007970225
1765410062.686131,-9.396441071625736,-0.4271554339383674,0.06798768277453937,0.5658691536776861,-0.19483494701267295,0.7408568654369174
1765410062.686381,-9.418546225081105,-0.3835889638319744,0.06376000562718678,0.5588687624188231,-0.18639317860928534,0.7386360867227597
1765410062.686588,-9.440860448403797,-0.34506019250605374,0.06251300874656324,0.5517643418297622,-0.17748324282640845,0.7364494325176717
1765410062.686838,-9.464883940350195,-0.31225072763000505,0.0662624907345626,0.5446470549564408,-0.16813623998590146,0.7342791944199376
1765410062.687088,-9.492043558169584,-0.28541205523087876,0.07671964937977678,0.5375955740290556,-0.15841263746138173,0.7320978312239296
1765410062.687338,-9.523570191882405,-0.26433528223004793,0.09516538583326845,0.5306706714370446,-0.148398123468146,0.729871493056274
1765410062.687567,-9.56038442201421,-0.24838072868275374,0.1223481064828431,0.5239114949526835,-0.13819791468123768,0.7275642818119977
1765410062.687817,-9.602998686542376,-0.23655994603410221,0.158408184107141,0.5173337193017619,-0.1279300796073715,0.7251426286561848
1765410062.688067,-9.651447351194891,-0.22765597130034337,0.2028345336730959,0.5109295498527687,-0.1177184004062683,0.7225791952055405
1765410062.688317,-9.705257401111377,-0.22036385343930062,0.25446119608615847,0.5046694043106986,-0.1076852150508489,0.7198558166635393
1765410062.688571,-9.763468874417477,-0.21343275285245367,0.3115116944841885,0.49850502375375777,-0.09794458546401318,0.7169651711327795
1765410062.688821,-9.824705261755632,-0.20579253387334995,0.3716939244051195,0.492373744487707,-0.08859606629683396,0.713911048450059
1765410062.689071,-9.887283560800977,-0.19665096370040408,0.4323396349822065,0.4862036660239102,-0.07971932603839119,0.7107072851077225
1765410062.689321,-9.949346711940606,-0.18555201711323474,0.4905748533360977,0.4799194477229621,-0.07136987500416335,0.7073756117641407
1765410062.689593,-10.009000216441047,-0.17239112426783834,0.543504941793514,0.4734484382107319,-0.06357614512452926,0.7039427987720658
1765410062.689843,-10.064438308456063,-0.15738895213206436,0.5883998745851542,0.46672678652681804,-0.056338130543764166,0.70043755244126
1765410062.690093,-10.114050105293476,-0.141030625130272,0.622867850291678,0.45970511761324506,-0.04962773991043299,0.6968875982282485
1765410062.690343,-10.156500826814886,-0.12398116460582825,0.6450060032517504,0.45235330676441027,-0.04339092792883196,0.6933173036292793
1765410062.690586,-10.190787115047465,-0.10698955539550095,0.6535172341800894,0.44466388981620936,-0.037551557637753516,0.6897460760328133
1765410062.690836,-10.216268868176199,-0.0907933944805258,0.647784720770645,0.436653711411138,-0.03201679956406893,0.6861876465077444
1765410062.691086,-10.232682514456204,-0.0760348239218103,0.6279004593004547,0.4283635407379032,-0.026683717483350283,0.6826502317563995
1765410062.691336,-10.240141521524018,-0.06319735671541367,0.594648937729019,0.41985557782615957,-0.02144654675434794,0.6791374532532799
1765410062.691569,-10.239128879007952,-0.05257152369376506,0.5494503885215006,0.41120903391405345,-0.016204058779178437,0.675649784142503
1765410062.691819,-10.230484039538085,-0.04425345811434187,0.49427054218113836,0.4025142520481194,-0.010866339585250077,0.6721862056199209
1765410062.692069,-10.215384527295884,-0.03817454375345915,0.43150611608691847,0.393866052536317,-0.0053603199219675116,0.6687457189149872
1765410062.692319,-10.195320708345696,-0.034154212458772225,0.3638569041531502,0.38535707198535346,0.00036648265587764815,0.6653284051264966
1765410062.692566,-10.172060746673829,-0.03196432084608494,0.2941948386613571,0.3770718051564641,0.006344301653765326,0.6619358450033876
1765410062.692816,-10.147601335457797,-0.03139298600352333,0.22543720427405572,0.3690818944130248,0.012581508454019629,0.6585708586881932
1765410062.693066,-10.124099415756708,-0.03229746764013329,0.16042702937700898,0.36144299141014524,0.01906670760308045,0.6552366532566878
1765410062.693316,-10.103782286740795,-0.034638592615907245,0.10182133964512992,0.35419328162781616,0.025771984520999637,0.6519355521253496
1765410062.693665,-10.088838308774116,-0.038492705733777055,0.05198845982309129,0.3473535456664219,0.03265667157154874,0.6486675261772334
1765410062.693915,-10.081296005343281,-0.04404082564757156,0.012917651015719414,0.3409284528644973,0.039671056262467766,0.6454287602098923
1765410062.694165,-10.082903773735977,-0.05153817880648185,-0.013853565119465425,0.3349086602057125,0.0467596057208994,0.6422104788367372
1765410062.694415,-10.095024323001681,-0.06127000469103782,-0.027288233297334086,0.32927324121879065,0.05386346619310922,0.6389982249378001
1765410062.694587,-10.118556367334715,-0.07350091212334521,-0.026870562912369233,0.32399200673925105,0.06092217148073256,0.6357717233135012
1765410062.694787,-10.153890792325106,-0.08842495836338592,-0.012598781419712468,0.3190273962389831,0.06787463493583741,0.6325053720508602
1765410062.694987,-10.200901345783215,-0.10612235968046232,0.015043536283839427,0.31433579436640535,0.07465959669730336,0.6291693069020561
1765410062.695187,-10.258964100510457,-0.12652686675050887,0.05512850792603729,0.3098683303778545,0.08121576076501694,0.6257309124732078
1765410062.695387,-10.326997439069098,-0.14940584161983572,0.10632945499850818,0.30557140004336397,0.0874818946656034,0.622156626674626
1765410062.695581,-10.403514730258387,-0.1743534251361426,0.16696647213018573,0.3013872524570387,0.09339716354191643,0.6184138970901211
1765410062.695831,-10.486683908089143,-0.2007962838008838,0.23505092830150112,0.29725497496753595,0.09890191674662122,0.6144731781658979
1765410062.696081,-10.574390969545385,-0.22801120392517799,0.30833028358761205,0.2931121052738173,0.103939062297325,0.6103098803751276
1765410062.696331,-10.66430732465089,-0.25515363762682236,0.38433679607272203,0.2888969451788135,0.10845608666837343,0.6059061823192607
1765410062.696609,-10.753962956208705,-0.28129576888692065,0.46044529694311603,0.2845514825660496,0.1124076960788404,0.6012525999859403
1765410062.696859,-10.840827484078405,-0.30547208333447695,0.5339450065642434,0.28002467533431147,0.11575893837136415,0.5963491920999505
1765410062.697109,-10.922399379397906,-0.32673027422784184,0.602127604593463,0.27527574425580503,0.11848851848286353,0.5912062802710842
1765410062.697359,-10.996300862520977,-0.344185370341926,0.6623895652837214,0.27027708174759124,0.12059190332488301,0.5858445784328618
1765410062.697565,-11.060374004050836,-0.3570745466342036,0.7123433458876586,0.2650164052553196,0.12208377939089086,0.5802946538245144
1765410062.697815,-11.112772940782966,-0.3648091106209404,0.749930439235824,0.2594978498867624,0.12299948368794884,0.5745956849187615
1765410062.698065,-11.152047463462525,-0.36701946202743313,0.7735289506307983,0.2537417976383527,0.12339514015344245,0.5687935468769928
1765410062.698315,-11.177213774938835,-0.3635890581423493,0.7820485186903009,0.24778337920281496,0.12334636632504782,0.562938335397696
1765410062.698634,-11.187808554494016,-0.3546743311857361,0.7750059279651519,0.2416697446514312,0.12294555248890543,0.55708151458163
1765410062.698884,-11.183922526127388,-0.34070856543312156,0.7525753233393423,0.23545634918010547,0.12229784173353532,0.5512729252921629
1765410062.699134,-11.166209819610371,-0.3223888718993397,0.7156071891499101,0.22920260978435394,0.12151603831290811,0.5455579070330091
1765410062.699384,-11.135870179438532,-0.30064668211802603,0.6656108052081751,0.2229673501777241,0.12071474938310217,0.5399747644216853
1765410062.699557,-11.094602772720236,-0.27660345406317305,0.6046967635428392,0.21680447241271167,0.12000414208512328,0.5345527580201845
1765410062.699807,-11.044532266535082,-0.25151433110965826,0.5354793282243117,0.21075927694203717,0.11948376946727925,0.5293107408980872
1765410062.700057,-10.988109188729688,-0.2267032649156348,0.46094202828602876,0.20486578854707393,0.11923694772844623,0.5242565113224466
1765410062.700307,-10.927987801978778,-0.20349353271624038,0.38427343817481663,0.19914532881295569,0.11932612880919373,0.5193869022709332
1765410062.70062,-10.866887033332413,-0.18313753358444618,0.30868383496088214,0.19360642356613977,0.11978962398873445,0.5146885717561991
1765410062.70082,-10.807443354286294,-0.16674944993937332,0.23721688215986741,0.18824597918114327,0.12063992822502187,0.5101394044962049
1765410062.70102,-10.752066970996003,-0.15524438029757193,0.17257215226093472,0.18305153621742312,0.12186377657633715,0.5057104027175422
1765410062.70122,-10.702812587543109,-0.1492880262037523,0.11695311154407555,0.17800432791664644,0.1234239152595542,0.5013679300794887
1765410062.70142,-10.661273982403197,-0.14926115115104474,0.07195195380594242,0.1730828289577412,0.1252623971018563,0.497076158474162
1765410062.701618,-10.6285096536848,-0.1552419325641295,0.03847920416305496,0.1682664577118668,0.12730506582446696,0.49279954508939017
1765410062.701868,-10.605005433397118,-0.16700715603405425,0.016743042068910446,0.1635390803183226,0.12946682542364396,0.4885051521509567
1765410062.702118,-10.590677898368275,-0.18405094805261749,0.006279818886721032,0.15889196244574447,0.1316572928153486,0.48416463038498564
1765410062.702368,-10.584918541446585,-0.20561811937811378,0.006032394118584101,0.15432584248460818,0.13378645495524183,0.47975571800534944
1765410062.702608,-10.586673786396538,-0.23074820098292628,0.014467552491691963,0.14985187389428928,0.13576996831987523,0.47526315235861677
1765410062.702858,-10.594551669789986,-0.25832575818970377,0.029719569466431416,0.1454913044372967,0.13753376911081286,0.47067895197873283
1765410062.703108,-10.606943371726253,-0.2871327027454531,0.049744844364263206,0.14127390629846176,0.13901773478735913,0.46600210333173325
1765410062.703358,-10.622147050938958,-0.31589923214684595,0.07247256298076717,0.13723531514670556,0.1401782435696313,0.4612377658385595
1765410062.703587,-10.638482652686466,-0.3433514999728011,0.09593855706222633,0.1334135567309746,0.14098958628420347,0.4563961676969653
1765410062.703837,-10.654389122895365,-0.3682556035518126,0.11839335331571814,0.12984512535257617,0.14144427459530778,0.4514913853705192
1765410062.704087,-10.668498973428385,-0.3894583872192797,0.13837970701721114,0.12656102142230358,0.1415523562889617,0.4465401795913244
1765410062.704337,-10.679688608600152,-0.40592576344824954,0.15477876189066564,0.12358315011948978,0.14133988443158896,0.44156101347157295
1765410062.704577,-10.687105683868245,-0.41677911063366757,0.16682705674522394,0.12092143144290453,0.14084669060747934,0.4365733166860234
1765410062.704777,-10.690176707735393,-0.42133007168790365,0.1741088263394011,0.11857188053568055,0.14012360143292593,0.43159698771113775
1765410062.704977,-10.68859912599674,-0.4191135401724836,0.17652933510070226,0.1165157991104772,0.1392292358241629,0.4266520519912051
1765410062.705177,-10.682322520776289,-0.4099175721912727,0.17427542370758967,0.11472009562823472,0.13822653204568242,0.4217583403240428
1765410062.705377,-10.671523533942336,-0.39380773427966964,0.1677692204868648,0.11313864413927846,0.1371791685610026,0.41693504077123517
1765410062.705615,-10.656578561870763,-0.3711426401332604,0.1576200063316184,0.11171450850204558,0.13614805583214531,0.4122000104376405
1765410062.705865,-10.638036967001883,-0.3425774168330993,0.14457747306353136,0.11038280488108074,0.1351880846250129,0.4075687939944463
1765410062.706115,-10.61659585945951,-0.3090523301654256,0.129487795824623,0.10907395842665436,0.13434531380648604,0.4030533680570632
1765410062.706365,-10.593076208692358,-0.27176468529334785,0.11325314922603386,0.10771712742856387,0.13365476418873173,0.3986607069097675
1765410062.706675,-10.56839944592918,-0.23212370320615605,0.0967954923071287,0.10624360031612674,0.13313895540406692,0.3943913341656892
1765410062.706925,-10.543563308856081,-0.19169031751974552,0.08102526684674978,0.104589999337197,0.13280727526167516,0.39023806453888393
1765410062.707175,-10.519615051738505,-0.15210590883146338,0.06681433445351025,0.10270114986565512,0.13265620094286418,0.38618513247403835
1765410062.707425,-10.497619692919555,-0.11501503160457163,0.05497107482476302,0.10053250321289327,0.1326703113474346,0.38220785462806445
1765410062.707603,-10.478621381214616,-0.08198719033418203,0.0462155257502714,0.09805202947915649,0.1328239652110736,0.37827290340147607
1765410062.707803,-10.463597375723522,-0.05444229680256808,0.04115370346986229,0.09524151635262182,0.13308348055823396,0.37433919997110526
1765410062.708003,-10.45340616312934,-0.03358395170487564,0.04025165798752984,0.09209722223180404,0.1334096236470217,0.370359377470798
1765410062.708203,-10.448733413598468,-0.02034407855215059,0.043810852786756976,0.08862984912925638,0.13376018973172568,0.36628171981990837
1765410062.708403,-10.450041230446658,-0.015341654276553015,0.05194730689312047,0.0848638282945851,0.13409245212410847,0.362052447462516
1765410062.708622,-10.457526661218196,-0.018857468918165424,0.06457737029391579,0.08083594568232695,0.13436529607950293,0.3576181966584409
1765410062.708872,-10.471094277864273,-0.030826107730812055,0.0814124257308906,0.07659337151544271,0.13454093228402006,0.3529285277112211
1765410062.709122,-10.490345639014327,-0.050845665511747025,0.10196359410209543,0.07219119869539649,0.1345861601495309,0.3479383042306095
1765410062.709372,-10.514587129412199,-0.07820498153210957,0.12555695348624515,0.06768963661439135,0.13447319669813163,0.34260980485392634
1765410062.709605,-10.542857312430188,-0.11192726432631202,0.15136011604269392,0.06315104187168669,0.1341801169165911,0.3369144494130782
1765410062.709805,-10.573974136575773,-0.15082781337989912,0.17842084887701395,0.05863698563863974,0.13369098695381781,0.33083404121373405
1765410062.710005,-10.606600075504316,-0.1935823794381281,0.20571685493199687,0.054205551159542044,0.13299579874359113,0.32436145156394564
1765410062.710205,-10.639320417749339,-0.23880178520030174,0.23221382043149988,0.04990902246583831,0.13209030713968928,0.3175007018817286
1765410062.710405,-10.670727952833452,-0.2851076798606613,0.2569275951807057,0.04579207673511845,0.1309758344658353,0.3102664294379198
1765410062.710595,-10.699506527697787,-0.33120360546396693,0.2789856551887578,0.04189054306707091,0.12965906979504108,0.3026827596417968
1765410062.710845,-10.724505862357656,-0.37593525740263045,0.29768223008895456,0.038230744995322134,0.12815185807736337,0.2947816569622608
1765410062.711095,-10.7448006705897,-0.4183346069863568,0.31252130288902824,0.03482939940317886,0.12647093880215754,0.2866008840675227
1765410062.711345,-10.759729043045951,-0.4576446778489639,0.3232430699570319,0.03169400473910726,0.1246375647384887,0.2781817530917972
1765410062.711604,-10.768908066345311,-0.4933246321982404,0.3298320331169429,0.028823626162699217,0.12267692977852343,0.26956689044045784
1765410062.711854,-10.772227792267236,-0.5250374945370638,0.3325073035611043,0.026209974228296972,0.12061736238504724,0.260798240899953
1765410062.712104,-10.769827067961423,-0.5526248622654958,0.3316970984916727,0.023838671323711164,0.11848928044619872,0.25191549711581235
1765410062.712354,-10.762056254825904,-0.576074296538578,0.3280001933511128,0.021690609099709556,0.11632394531808189,0.24295506168056935
1765410062.712643,-10.749432703742896,-0.5954854331919446,0.322138003649122,0.019743324564529152,0.11415209974991075,0.23394954949653782
1765410062.712843,-10.73259496903586,-0.611039656670793,0.3149020009290837,0.01797235342587567,0.11200261756547288,0.22492774552464032
1765410062.713043,-10.712260927206742,-0.622975730036365,0.30710153828334735,0.016352539076638375,0.10990130485267302,0.2159148794479243
1765410062.713243,-10.689193311994119,-0.6315714889289762,0.29951629472690394,0.014859274678347323,0.10786995298221065,0.20693307755623147
1765410062.713443,-10.664174094403549,-0.6371307988875816,0.2928556915100604,0.01346964145662626,0.10592566941565826,0.19800188077573747
1765410062.713579,-10.637987063605784,-0.6399751479335453,0.2877255288380027,0.012163395794723529,0.10408044455250962,0.18913873984206533
1765410062.713829,-10.611406367972732,-0.6404391614344288,0.2846005061695577,0.010923761796059694,0.10234088151432584,0.18035940322795582
1765410062.714079,-10.585188141513598,-0.6388682576738828,0.2838008569147334,0.009738001143151757,0.10070802399123781,0.17167812414615707
1765410062.714329,-10.560062725860714,-0.6356153677696916,0.2854722039602889,0.00859774697927563,0.09917725362514941,0.16310765789334514
1765410062.714568,-10.536725830769427,-0.631033545600256,0.2895692957521226,0.00749909477869912,0.09773827449935006,0.15465909769012517
1765410062.714768,-10.515827653446783,-0.6254629980898193,0.2958455356801146,0.006442442045342399,0.09637523442684798,0.14634166989992534
1765410062.714968,-10.497959433079616,-0.6192137391816522,0.30385063888372993,0.00543207067503708,0.09506703434156304,0.1381626369640357
1765410062.715168,-10.4836374312865,-0.612547088713041,0.31293850985287147,0.004475480849101622,0.09378785398871779,0.1301274230186566
1765410062.715368,-10.473284991609287,-0.6056594580606597,0.32228693247160795,0.003582512546421238,0.09250789583994394,0.12224000230622244
1765410062.71559,-10.467213887387384,-0.5986704906442705,0.330929931194574,0.0027643190473205736,0.09119433253793091,0.11450351333863515
1765410062.71584,-10.465606360173076,-0.5916158802035245,0.3378024397453255,0.0020322734639146374,0.08981243114027335,0.10692101340674291
1765410062.71609,-10.468499155666338,-0.5844441853482772,0.34179535372859227,0.0013968885984333122,0.08832681383592236,0.0994962745553776
1765410062.71634,-10.475770804876166,-0.5770170073207653,0.34181789355591763,0.0008668161229168379,0.08670280451508744,0.09223453211252516
1765410062.71663,-10.487133591053912,-0.5691126637438555,0.33686403211431576,0.00044797159223301076,0.08490780828114573,0.08514311775767378
1765410062.71683,-10.502131942151848,-0.5604343483738984,0.3260801880038887,0.0001428142886548054,0.0829126701330927,0.07823193196161651
1765410062.71703,-10.520148986557267,-0.5506240515395812,0.3088314685959698,-5.0198604722840524e-05,0.08069295137499717,0.07151372651153722
1765410062.71723,-10.540422452185949,-0.5392828766659923,0.2847629492031091,-0.00013696146365173293,0.07823005199064595,0.06500417269232922
1765410062.71743,-10.56207014715129,-0.5259970964509035,0.2538513249624754,-0.00012784217688607298,0.07551210704935893,0.058721692490511686
1765410062.717563,-10.584124316122123,-0.5103680711925893,0.2164417652411847,-3.754447273545765e-05,0.07253460071921262,0.05268704083795027
1765410062.717813,-10.60557340220024,-0.4920435698143186,0.17326544643726735,0.00011530676131400969,0.0693006646562798,0.04692264817526431
1765410062.718063,-10.625409033041672,-0.4707480783382863,0.12543478567378474,0.0003088523835759314,0.06582104659997623,0.04145175643901094
1765410062.718313,-10.642675231810749,-0.44630994198727675,0.07441520410357474,0.0005189330619735114,0.06211374571378417,0.03629740042462453
1765410062.718598,-10.656516051206113,-0.41868338484242495,0.021973759049581994,0.0007202243683762397,0.058203318784620955,0.03148129819519832
1765410062.718798,-10.666217431393811,-0.38796366056606657,-0.029893917078236652,0.000887501669463708,0.054119875723803765,0.027022719756701098
1765410062.718998,-10.671239405551903,-0.3543939787602002,-0.07905585230487391,0.0009969430591349848,0.049897810838014346,0.02293740322554767
1765410062.719198,-10.671235797196326,-0.318363415401006,-0.12335110474108003,0.00102737298112449,0.04557435449731704,0.019236582059796902
1765410062.719398,-10.666059989961454,-0.28039566503720237,-0.1607063435165855,0.0009613572569740407,0.041188063694653956,0.015926177576218874
1765410062.719573,-10.655756881546361,-0.24112924038417635,-0.18925408896834603,0.0007860759028268226,0.03677738345119461,0.01300620218457011
1765410062.719773,-10.640542490990317,-0.20129058181353246,-0.2074442302424051,0.0004939234176494853,0.03237939793301617,0.0104704114119038
1765410062.719973,-10.620773695982932,-0.16166230162270714,-0.21414050624723216,8.281747766397579e-05,0.028028857220465796,0.008306231069969834
1765410062.720173,-10.596911209528427,-0.12304908746083582,-0.2086944727672231,-0.00044377213917667354,0.023757523153453544,0.006494964489287003
1765410062.720373,-10.569479229975308,-0.08624342323160095,-0.1909910504829915,-0.0010770430918054952,0.019593832460513525,0.00501225837291977
1765410062.720589,-10.539025232291042,-0.05199247119271525,-0.1614620442787451,-0.0018032923816990768,0.015562836531964865,0.0038287875130886264
1765410062.720839,-10.506083097452343,-0.020966703540493913,-0.12106676360669781,-0.0026045301961660143,0.011686356861552935,0.0029111170896542185
1765410062.721089,-10.471142294372386,0.006269386286203993,-0.07124150623293264,-0.003459255663347237,0.00798329532573956,0.002222712423506948
1765410062.721339,-10.43462528858508,0.029283790897930526,-0.013821764400576033,-0.0043433838018499165,0.0044700465348321465,0.00172507687409393
1765410062.721602,-10.396874732004097,0.047799205491938154,0.04905742631216956,-0.005231314310233264,0.001160964077969437,0.0013789980152456559
1765410062.721802,-10.358151086797577,0.06170864722980021,0.1150763156299068,-0.006097122133273144,-0.001931166211683509,0.0011458680974730537
1765410062.722002,-10.318640155728634,0.07108195076191069,0.18185279513284472,-0.006915829989352546,-0.004794691747530903,0.0009890219956380573
1765410062.722202,-10.278468930682594,0.07616133773131202,0.24706423778214656,-0.0076647015761176045,-0.007418743370796509,0.0008750125683325373
1765410062.722402,-10.237727596185485,0.07734571676207483,0.3085611321936868,-0.008324476523080528,-0.009793016193825253,0.0007747309535137988
1765410062.722627,-10.196495347055258,0.07516483859769842,0.36446580871350964,-0.008880457306516897,-0.01190772015566445,0.0006642879488904187
1765410062.722827,-10.154867613898778,0.07024531670928152,0.41325102283927484,-0.009323357352488007,-0.013753721855778186,0.0005256001843837336
1765410062.723027,-10.11298224630038,0.06327087187975013,0.4537950026075548,-0.009649831221564036,-0.015322875812056413,0.0003466562298954119
1765410062.723227,-10.071042191181704,0.05493939694837476,0.48541140603400473,-0.009862631354190066,-0.01660852123631505,0.00012146101149348139
1765410062.723427,-10.029332214972111,0.045919783668070396,0.507854047571162,-0.009970366139481207,-0.017606103594930138,-0.0001503267685810673
1765410062.723613,-9.988227407989477,0.036811753699472344,0.5212973716279115,-0.009986865562346074,-0.01831386774598091,-0.00046403342411598683
1765410062.723813,-9.948191839726322,0.02811193919065115,0.5262949548945651,-0.009930191801704317,-0.01873355837945145,-0.0008108368944644368
1765410062.724013,-9.909766790716777,0.020189022558876075,0.5237197819476709,-0.009821362470640365,-0.018871054457632926,-0.001178796251606141
1765410062.724213,-9.87354915291869,0.013269832622456443,0.5146911364703732,-0.00968287937449936,-0.01873686349313267,-0.0015539668823823995
1765410062.724413,-9.840161658947263,0.007437034817014695,0.5004934870396909,-0.009537170026325778,-0.01834641319862067,-0.001921520040061668
1765410062.724691,-9.810217598936227,0.002637832426694,0.4824930083263008,-0.009405052273555498,-0.01772009747657771,-0.002266793398371425
1765410062.724891,-9.784283513247509,-0.0012976940687851651,0.462057464377792,-0.009304328516974828,-0.016883052354647075,-0.0025762171180151437
1765410062.725091,-9.762843654322522,-0.004630363919774147,0.44048477074927633,-0.009248607657406947,-0.015864655001903753,-0.002838078471968783
1765410062.725291,-9.746269593157033,-0.00767990169943845,0.4189444252537783,-0.009246438452808665,-0.01469776188243198,-0.0030430996270527674
1765410062.725491,-9.734797428798128,-0.010789826106051434,0.3984343686114938,-0.009300815338250362,-0.013417730155942543,-0.003184810565355015
1765410062.725657,-9.728513993205718,-0.0142923344850961,0.37975410693805733,-0.009409088625916532,-0.01206128958382651,-0.003259711800984519
1765410062.725857,-9.72735238912821,-0.018476234611863568,0.36349334989055293,-0.009563280629864014,-0.010665342609339374,-0.0032672425895651502
1765410062.726057,-9.73109621315231,-0.023560295853736157,0.3500341040114453,-0.009750782283555366,-0.009265769378653943,-0.003209590519132088
1765410062.726257,-9.739391057127518,-0.02967345323203306,0.3395632882251082,-0.009955381458803397,-0.007896306982877032,-0.0030913853021861857
1765410062.726457,-9.751761561723942,-0.03684256781231441,0.33209273988132965,-0.010158551307102456,-0.006587559874146886,-0.0029193112323863003
1765410062.726577,-9.76763244372912,-0.04498809221095547,0.3274839283323532,-0.010340903568401118,-0.005366181935634981,-0.00270165984948862
1765410062.726777,-9.78635226691518,-0.053927814150714536,0.32547536943182703,-0.010483692972982857,-0.004254253975446393,-0.0024478395926410467
1765410062.726977,-9.807218947308202,-0.06338853221938205,0.32571120343042337,-0.01057025177907782,-0.0032688688302460736,-0.002167865626604586
1765410062.727177,-9.829506012149949,-0.07302487984034083,0.32776961484952055,-0.010587240463624163,-0.0024219305111920337,-0.0018718622772154415
1765410062.727377,-9.852488642571478,-0.08244368196771877,0.3311899656251242,-0.010525618961913539,-0.0017201689641058535,-0.0015696117113052834
1765410062.72765,-9.87546863801455,-0.0912315746228836,0.3354978153065823,-0.010381269979018315,-0.0011653636522847015,-0.0012701728796616569
1765410062.7279,-9.897797579153838,-0.09898344182765256,0.34022734744382976,-0.01015523944205485,-0.0007547577636529726,-0.000981581567444722
1765410062.72815,-9.91889753247431,-0.10532947856151849,0.3449409853019856,-0.00985359439374054,-0.00048163347618618817,-0.0007106340037696029
1765410062.7284,-9.93827861767103,-0.10995907537819626,0.34924609373996346,-0.009486930536430958,-0.00033601004546893523,-0.00046275396358851946
1765410062.728611,-9.95555272334262,-0.11264004386911336,0.3528086539085419,-0.009069588564971894,-0.00030542216580359835,-0.0002419418687841818
1765410062.728811,-9.970442725968455,-0.11323201270315132,0.35536376806866726,-0.008618660004895131,-0.00037573575046018475,-5.0799980673274384e-05
1765410062.729011,-9.982786796581724,-0.11169326150252173,0.3567228816767322,-0.00815287644756007,-0.0005319590355978414,0.0001093788647739079
1765410062.729211,-9.992537677988288,-0.10808084734776816,0.35677767519803855,-0.007691476457694509,-0.0007590063348845371,0.00023847597162350687
1765410062.729411,-9.999757047513622,-0.10254447299659686,0.35550061051205634,-0.007253131279038068,-0.0010423716909514838,0.00033738139104020265
1765410062.729654,-10.004605233186602,-0.09531497585769622,0.3529421031382303,-0.006854988909295337,-0.001368674925251069,0.0004078113757195943
1765410062.729854,-10.00732673050908,-0.08668856109649997,0.34922431311269175,-0.006511874279955348,-0.0017260558034278414,0.00045211879233741724
1765410062.730054,-10.008232240808185,-0.07700807053232132,0.34453171018227685,-0.006235666652074835,-0.0021044101200783905,0.0004731047616768446
1765410062.730254,-10.007678241796365,-0.06664272393446681,0.339098853760291,-0.006034863812340993,-0.0024954775670703758,0.0004738368576294393
1765410062.730454,-10.006045247244145,-0.05596781987836796,0.3331960752811969,-0.0059143340556930615,-0.002892800518378395,0.0004574748517465168
1765410062.730606,-10.003715868873757,-0.04534575910987489,0.3271138598531781,-0.00587525136940697,-0.003291576925603253,0.0004271021059868793
1765410062.730806,-10.001053698528974,-0.03510946085689614,0.3211467572335908,-0.005915206654019585,-0.0036884341460148235,0.0003855623506674874
1765410062.731006,-9.998384020419415,-0.025548882059655293,0.3155776817076127,-0.006028485008896282,-0.0040811544867884264,0.00033530736622848766
1765410062.731206,-9.995977389106733,-0.016901060826730985,0.3106634513687063,-0.006206493417304989,-0.004468383669486511,0.0002782671150038169
1765410062.731406,-9.99403701349733,-0.009343944337018364,0.30662230789201467,-0.006438315841335718,-0.0048493482026765655,0.000215756292452898
1765410062.731678,-9.992690624626483,-0.0029941351829060126,0.30362396897032695,-0.006711366002868595,-0.005223598946777111,0.00014842951917530518
1765410062.731878,-9.991987182499278,0.002091515265327588,0.3017826053957603,-0.007012102508115222,-0.00559078903975873,7.629375714023948e-05
1765410062.732078,-9.991898523084293,0.005910819637989648,0.3011530869528873,-0.007326766346700867,-0.0059504873735319675,-1.217239123483714e-06
1765410062.732278,-9.992325861740216,0.008508311701617508,0.3017308168449769,-0.007642097333834477,-0.0063020258142444585,-8.510645211017447e-05
1765410062.732478,-9.993110809018791,0.009965316921276486,0.30345526593349675,-0.007945984801263925,-0.006644378694159379,-0.0001766223341943766
1765410062.732629,-9.994050119067442,0.010389033361377743,0.3062168764947619,-0.008228011501716488,-0.006976074658539032,-0.00027702812626132655
1765410062.732829,-9.99491292116745,0.009901613885775595,0.3098665433846639,-0.00847986046844624,-0.007295142920833089,-0.0003873533551206119
1765410062.733029,-9.995458945220012,0.008630121615554018,0.31422663659809424,-0.00869557015750627,-0.007599097364570378,-0.0005081522613840817
1765410062.733229,-9.995456326477647,0.006698039177038172,0.3191025393146864,-0.008871637352611173,-0.00788496037217109,-0.0006392946185804522
1765410062.733429,-9.99469782062023,0.00421877909522209,0.32429381453108924,-0.009006974881677144,-0.008149323838710502,-0.0007798126045843725
1765410062.733667,-9.993014539261788,0.0012914031818281016,0.3296042816479647,-0.00910273231589449,-0.008388441279195975,-0.0009278220085209639
1765410062.733867,-9.990286629207608,-0.002001460460777797,0.3348505091038165,-0.009161988345076939,-0.008598344928464695,-0.0010805270719172581
1765410062.734067,-9.98645068328393,-0.00559370705239386,0.3398685452345308,-0.009189330159531153,-0.008774984024077895,-0.0012343080566527415
1765410062.734267,-9.981503965448402,-0.009434203357207174,0.3445189847246176,-0.009190348473475515,-0.008914382416480248,-0.0013848826765812013
1765410062.734467,-9.97550557993861,-0.013484019221338852,0.3486905123783238,-0.009171090627635152,-0.009012814263115624,-0.0015275284262324493
1765410062.734605,-9.968574530619339,-0.01771286003644574,0.3523019156225642,-0.009137522204102584,-0.009066996441224637,-0.0016573507576387563
1765410062.734805,-9.960884474293202,-0.022095051502864553,0.35530245689480816,-0.00909504763353281,-0.009074295680268041,-0.0017695789237935407
1765410062.735005,-9.952655119988977,-0.026605351209162815,0.3576705909161479,-0.009048132663851094,-0.009032946268030452,-0.001859866712382624
1765410062.735205,-9.944140636208704,-0.031214848197736064,0.35941120639811125,-0.00900005699247827,-0.008942269854914411,-0.0019245719001612996
1765410062.735405,-9.935615866551593,-0.03588727405893595,0.36055169737307063,-0.008952806142812473,-0.008802883383902983,-0.0019609885346519554
1765410062.735632,-9.927361418301468,-0.04057608941556482,0.36113716992662565,-0.008907092831639627,-0.008616876294269495,-0.001967510670058363
1765410062.735832,-9.919648733375,-0.04522264880815817,0.3612250565311528,-0.008862485219263666,-0.0083879351231438,-0.0019437144888112688
1765410062.736032,-9.91272616331824,-0.049755628420133265,0.3608794563614635,-0.008817614849519153,-0.008121392889271955,-0.0018903562976513193
1765410062.736232,-9.906806946532106,-0.05409180064771294,0.3601656294900865,-0.008770438328918665,-0.007824182213544497,-0.0018092938289473366
1765410062.736432,-9.902059834934445,-0.05813816974128591,0.35914512229394735,-0.008718529401929201,-0.0075046761528649395,-0.0017033450829572218
1765410062.736655,-9.898602896603938,-0.06179541864121616,0.35787193157049485,-0.00865937958529772,-0.00717241175897492,-0.0015761020756581991
1765410062.736855,-9.896500725999445,-0.06496252973173279,0.3563899780177939,-0.008590686483366512,-0.0068377082494893646,-0.0014317177281737118
1765410062.737055,-9.895764967663377,-0.06754231628357503,0.35473202484816413,-0.008510611011577384,-0.006511208449639683,-0.001274684843063207
1765410062.737255,-9.896357772262467,-0.06944746690075954,0.3529200898332418,-0.008417989039735424,-0.006203381729710958,-0.0011096269316284303
1765410062.737455,-9.898197624454804,-0.07060660660582913,0.3509673518482217,-0.008312488740095644,-0.005924026978912822,-0.0009411190928664882
1765410062.73766,-9.901166908390298,-0.07096982031899315,0.34888143493702534,-0.008194709597911184,-0.005681808466960145,-0.000773551141229308
1765410062.73786,-9.905120530491024,-0.07051307562419518,0.34666868641359266,-0.008066220434737826,-0.005483851223751819,-0.0006110361204586991
1765410062.73806,-9.909894876397484,-0.06924106798062638,0.34433880512775683,-0.007929532987397764,-0.005335420151333271,-0.00045735855774253336
1765410062.73826,-9.91531641063736,-0.06718819850324514,0.3419091476552322,-0.007788007757888829,-0.005239707595089913,-0.00031595082890819654
1765410062.73846,-9.921209352221512,-0.0644176105130062,0.3394082106113342,-0.007645691836416829,-0.005197751242120401,-0.00018988414649209298
1765410062.738632,-9.92740199260811,-0.06101838816570119,0.33687792562759034,-0.007507094336200471,-0.005208493421204404,-8.186324816454099e-05
1765410062.738832,-9.933731337839228,-0.05710114247955215,0.3343744192440567,-0.007376913729505991,-0.0052689770888258314,5.780913400634075e-06
1765410062.739032,-9.940045945750434,-0.05279229552690637,0.3319669165100733,-0.007259741024324754,-0.005374658670299997,7.11019443382069e-05
1765410062.739232,-9.946207122771197,-0.04822745939270293,0.32973464429573635,-0.007159769255527361,-0.005519804393054044,0.00011255292112677685
1765410062.739432,-9.952088906124443,-0.043544405599583516,0.3277618903100719,-0.007080539756677939,-0.0056979233593827195,0.00012900760449069726
1765410062.739673,-9.957577345490943,-0.03887619432879265,0.326131667199749,-0.0070247495988471215,-0.00590218142811409,0.00011979087916356948
1765410062.739873,-9.962569546552501,-0.03434504495845145,0.32491865783796275,-0.006994135057856206,-0.006125743646819863,8.471987980521852e-05
1765410062.740073,-9.966972875113477,-0.030057474308601385,0.3241822875863506,-0.006989434673460359,-0.0063620125100192285,2.4154156913528557e-05
1765410062.740273,-9.970704673056833,-0.02610109328356382,0.3239608274004767,-0.007010423880216965,-0.006604757325730394,-6.095073553581696e-05
1765410062.740473,-9.973692729429349,-0.022543232736108573,0.32426728649543074,-0.007056004270126509,-0.006848155652296027,-0.0001689965605664115
1765410062.740678,-9.975876563881233,-0.01943130914294941,0.3250875243127484,-0.007124326935732703,-0.0070867839547724435,-0.00029771762349910306
1765410062.740878,-9.977209407375979,-0.016794605600626764,0.32638063690170044,-0.007212930946127453,-0.007315597450669811,-0.000444194750448753
1765410062.741078,-9.97766068020591,-0.014646997193281245,0.3280814054477512,-0.007318882563290992,-0.0075299281511539305,-0.0006049207496389253
1765410062.741278,-9.97721873695445,-0.012990132365466192,0.33010450004085884,-0.007438905770832691,-0.007725511290673115,-0.000775920180439532
1765410062.741478,-9.975893587577138,-0.011816663215893057,0.33235011335093295,-0.0075694983648183466,-0.007898533529278298,-0.0009529147659410438
1765410062.741656,-9.973719180019456,-0.011113228769190745,0.3347106013309034,-0.0077070305344605575,-0.008045688491682218,-0.0011315172382808348
1765410062.741856,-9.970754712339222,-0.010863011409719382,0.3370775423948953,-0.007847826683390766,-0.008164227111789681,-0.0013074326861750095
1765410062.742056,-9.96708445218938,-0.011047798751102192,0.3393485478023231,-0.007988236841044074,-0.00825199742940058,-0.0014766471828244858
1765410062.742256,-9.962815733650272,-0.011649546203048871,0.3414332383790316,-0.008124708155628066,-0.008307474840986843,-0.0016355871576780709
1765410062.742456,-9.958075114189759,-0.01265142410616477,0.3432579937018568,-0.008253865748620668,-0.008329786068297313,-0.0017812377037545466
1765410062.742575,-9.953002994735728,-0.014038279228741814,0.34476929557136216,-0.00837260556693443,-0.008318729165917452,-0.0019112122690655372
1765410062.742775,-9.947747249426172,-0.0157963912292619,0.34593565215120103,-0.008478193550592539,-0.008274789635358578,-0.002023770301281178
1765410062.742975,-9.942456547450123,-0.017912414063398434,0.34674818062983775,-0.008568359942889776,-0.008199149386214142,-0.0021177853537259618
1765410062.743175,-9.937274076144341,-0.020371506852719747,0.3472199911595659,-0.008641377271201409,-0.008093680942762372,-0.0021926744706176455
1765410062.743375,-9.932332276702558,-0.02315485015226868,0.3473845577558009,-0.008696114085689788,-0.007960916113545689,-0.0022483071603695364
1765410062.743572,-9.92774895593933,-0.026236916822296896,0.3472932112397745,-0.008732060231962931,-0.007803979407637802,-0.0022849143268382265
1765410062.743772,-9.923624792818933,-0.029582953289057756,0.3470117452109206,-0.008749321156090754,-0.007626482746344502,-0.002303013027540086
1765410062.743972,-9.920041976403125,-0.03314710667972678,0.3466160227792239,-0.00874858006622094,-0.007432387448775518,-0.002303355483303499
1765410062.744172,-9.917063620082532,-0.03687151297155489,0.3461865435817799,-0.008731030186302191,-0.00722584862712414,-0.0022869044782190887
1765410062.744372,-9.914733675557349,-0.040686496736630606,0.34580218760840925,-0.008698284679770475,-0.007011063182338602,-0.0022548323525049202
1765410062.744601,-9.91307720647823,-0.044511895744949556,0.34553365701095473,-0.008652276242137684,-0.006792143933997188,-0.002208535018346837
1765410062.744801,-9.9121009673232,-0.048259424060849994,0.34543728044024125,-0.008595158965606375,-0.006573037731490538,-0.0021496466370000823
1765410062.745001,-9.911794220890084,-0.05183590757584689,0.34554975344197114,-0.008529221375249349,-0.0063574944245917845,-0.002080038914366377
1765410062.745201,-9.912129682314722,-0.05514717632047563,0.3458842263650045,-0.008456813590187443,-0.006149079937279739,-0.002001792890414283
1765410062.745401,-9.91306452035969,-0.05810236765500024,0.3464280890358127,-0.008380286202286766,-0.005951216468001071,-0.0019171377764408872
1765410062.745706,-9.914541483055487,-0.06061833887471146,0.3471427834062584,-0.00830193598200605,-0.005767228596099401,-0.001828358859469586
1765410062.745906,-9.916490302014383,-0.06262381081470356,0.34796583274416576,-0.00822395492212429,-0.005600373812880445,-0.0017376848230980296
1765410062.746106,-9.91882947555259,-0.06406283089790213,0.3488149821407125,-0.008148382775267275,-0.005453838829456614,-0.0016471717323963049
1765410062.746306,-9.921468421153078,-0.06489720558035593,0.3495940681999362,-0.008077065745172194,-0.005330690822876854,-0.0015586022824317252
1765410062.746506,-9.924309960059272,-0.06510770390202329,0.3502001472935032,-0.008011624116684388,-0.00523378457757681,-0.001473414121514998
1765410062.74674,-9.927253150657373,-0.06469402276426157,0.3505314545466137,-0.007953430948522541,-0.005165636330315495,-0.0013926634396536713
1765410062.74694,-9.930196482735395,-0.06367366497290042,0.3504956933426901,-0.007903603164021314,-0.005128278822593843,-0.001317023079319924
1765410062.74714,-9.93304130230653,-0.06207998953835306,0.3500178936502341,-0.007863004357914047,-0.005123112028816049,-0.001246810635525188
1765410062.74734,-9.935695195309718,-0.05995975903710297,0.34904691787795294,-0.007832255720517682,-0.00515076435867658,-0.0011820419852402073
1765410062.74754,-9.938075124550029,-0.05737051591503622,0.3475599402886547,-0.007811749756469192,-0.005210979012432374,-0.0011225066073936062
1765410062.747631,-9.940110349513684,-0.054378059389678136,0.34556475961192534,-0.007801662010118768,-0.005302536551912704,-0.0010678592623490145
1765410062.747831,-9.941745280330306,-0.05105421622692681,0.3431002007053601,-0.007801958278171567,-0.005423219341626585,-0.0010177183958460525
1765410062.748031,-9.942942264680964,-0.04747504009965457,0.34023490546545865,-0.007812398009500583,-0.005569821153151994,-0.0009717586539837786
1765410062.748231,-9.943684044650231,-0.043719502584751796,0.3370646894572219,-0.007832537881090942,-0.005738206081083941,-0.0009297855803417605
1765410062.748431,-9.943975505588792,-0.03986863484142127,0.3337086095327119,-0.007861741394898819,-0.005923420310007118,-0.0008917843126598172
1765410062.748723,-9.943844424933506,-0.036004987887751826,0.3303039598107341,-0.007899199053972895,-0.006119855532548892,-0.0008579386856054697
1765410062.748923,-9.943341071982077,-0.03221223006454899,0.3270004200691665,-0.00794395922493696,-0.006321455620276072,-0.000828620793066834
1765410062.749123,-9.942536577557659,-0.028574673233660856,0.32395346717064905,-0.007994965145523036,-0.0065219521271967585,-0.0008043535175585567
1765410062.749323,-9.941520013040627,-0.025176503334797148,0.3213170730573462,-0.008051092001888225,-0.006715113239802712,-0.0007857504962436449
1765410062.749523,-9.9403942122113,-0.022100500476707516,0.31923578657936635,-0.00811117938237421,-0.0068949961169823566,-0.0007734399111275133
1765410062.749678,-9.939270557554863,-0.019426096851443572,0.3178364931451248,-0.00817405593180112,-0.007056199710456903,-0.0007679802594545295
1765410062.749878,-9.938263115605967,-0.01722675930381371,0.3172203481773972,-0.008238553316467747,-0.007194116947189463,-0.0007697774750325667
1765410062.750078,-9.937482549233062,-0.015566857359449796,0.3174555052409844,-0.008303506964029936,-0.007305178665280184,-0.0007790128037381588
1765410062.750278,-9.937030187101206,-0.014498301083078305,0.31857127562260895,-0.008367743488975093,-0.0073870707320484565,-0.000795589146285952
1765410062.750478,-9.936992568074116,-0.01405727799901748,0.32055430302063387,-0.008430059637160411,-0.007438897347727059,-0.0008191004858193846
1765410062.750714,-9.937436743397729,-0.01426142001902654,0.323347278601987,-0.008489202635790458,-0.007461262634828921,-0.000848825775822671
1765410062.750914,-9.938406588771246,-0.015107707852980032,0.32685059959327467,-0.008543863357622463,-0.007456249581537755,-0.0008837463272098084
1765410062.751114,-9.939920274774446,-0.016571366149012043,0.33092705634196673,-0.008592690205426013,-0.0074272878717339804,-0.0009225845049755086
1765410062.751314,-9.941968854145909,-0.01860591943717657,0.33540917228505207,-0.008634325594453696,-0.007378917803128188,-0.0009638614368336076
1765410062.751514,-9.944515770505253,-0.021144470520030614,0.3401084728940219,-0.008667462360131009,-0.007316473558614457,-0.001005972285888855
1765410062.751617,-9.947497079669388,-0.024102147276068246,0.3448258626446226,-0.008690915983560603,-0.007245720890284814,-0.0010472780796683598
1765410062.751867,-9.95082224029817,-0.02737957641031422,0.34936232474247486,-0.008703708511339118,-0.007172487458978027,-0.0010862108014061081
1765410062.752117,-9.954375360210825,-0.03086718580541537,0.3535291722061866,-0.008705158474755913,-0.00710231825123938,-0.0011213825293538845
1765410062.752367,-9.958016787044198,-0.034450077151313194,0.35715709832118203,-0.008694967084576054,-0.007040177768225669,-0.001151682475746219
1765410062.752644,-9.961585016153792,-0.03801314679047934,0.3601034476579987,-0.008673287775436859,-0.006990210009587712,-0.0011763427618321689
1765410062.752844,-9.964899095862542,-0.04144610431815914,0.3622574885105257,-0.008640768231706866,-0.006955557928777867,-0.0011949577779974195
1765410062.753044,-9.967761929025917,-0.044648062750069606,0.3635438319980808,-0.008598560940636553,-0.0069382342806547335,-0.0012074519040664027
1765410062.753244,-9.969964954472921,-0.047531436787024685,0.36392432397876473,-0.00854830481822345,-0.006939027200614669,-0.001214002478436299
1765410062.753444,-9.971294617712728,-0.05002496892100467,0.3633987479051664,-0.008492082704947296,-0.006957422575177299,-0.0012149350993130646
1765410062.753648,-9.971540862650162,-0.0520757843935659,0.3620046235569,-0.008432358085367745,-0.006991534004195369,-0.0012106131221589678
1765410062.753848,-9.970507599680406,-0.053650438610918526,0.35981628133400323,-0.008371891428205104,-0.0070380450764160945,-0.0012013416199010993
1765410062.754048,-9.968024738063363,-0.054734964702279884,0.35694322703868514,-0.008313633997841836,-0.007092181034221843,-0.0011873008048023262
1765410062.754248,-9.963961046197761,-0.05533394657196864,0.35352767314226147,-0.008260596884181426,-0.007147733312724581,-0.00116851790417383
1765410062.754448,-9.958236980020343,-0.055468639637541714,0.34974109572043716,-0.008215696358402025,-0.0071971581300819,-0.0011448795476830833
1765410062.754684,-9.950836669480381,-0.05517419549822383,0.3457797582487118,-0.008181582016656237,-0.0072317596413278866,-0.001116178558137658
1765410062.754884,-9.941818282513559,-0.054496150160484876,0.34185919390252356,-0.00816045917020809,-0.0072419547722223825,-0.0010821829145528765
1765410062.755084,-9.93132185899324,-0.053486446150528597,0.3382075628485119,-0.008153920729760265,-0.007217608251161995,-0.0010427144506215062
1765410062.755284,-9.91957349288501,-0.05219931003197507,0.3350576687800236,-0.00816280602409563,-0.0071484262432780134,-0.0009977300208621426
1765410062.755484,-9.906884646893616,-0.0506872955425071,0.33263740184383456,-0.008187102959225492,-0.007024402214861786,-0.0009474036521558687
1765410062.755634,-9.893645551618816,-0.0489977455864184,0.3311585560906217,-0.0082259049775162,-0.006836311155289065,-0.0008922099493785695
1765410062.755834,-9.880312028340203,-0.04716985096420929,0.3308042797688871,-0.008277427969417021,-0.006576242350001736,-0.0008330058262112106
1765410062.756034,-9.867385561511034,-0.0452324281181019,0.33171574828685163,-0.00833908749924935,-0.0062381485008148035,-0.0007711025199327868
1765410062.756234,-9.855386997135135,-0.043202494984417146,0.3339789401290809,-0.008407632927441393,-0.005818375884506462,-0.0007083167484980169
1765410062.756434,-9.844824906593995,-0.041084664591084195,0.33761263654624746,-0.008479330392864137,-0.005316130034020488,-0.0006469901909262344
1765410062.756701,-9.83616046547446,-0.038871326671713335,0.34255896854884277,-0.008550181818232092,-0.004733825718721879,-0.0005899682717231475
1765410062.756901,-9.829771595118439,-0.03654358267949842,0.34867793618465964,-0.008616164203913335,-0.004077269998184031,-0.0005405294572622658
1765410062.757101,-9.82591994487258,-0.03407293387769446,0.355747192784881,-0.00867347288895196,-0.0033556335236269966,-0.000502254461426076
1765410062.757301,-9.824724823768793,-0.031423837350372866,0.36346801806388046,-0.008718753219251371,-0.0025811793573650758,-0.0004788245374802246
1765410062.757501,-9.82614811484734,-0.028557507789578256,0.37147794024176695,-0.008749306529850733,-0.0017687424494659532,-0.00047374521132240166
1765410062.757615,-9.829993204272935,-0.025437593692101728,0.37936986761912805,-0.008763258188296763,-0.0009349861459769113,-0.000490011011709984
1765410062.757815,-9.835918966205126,-0.022038145575041506,0.3867165775168246,-0.008759676850625958,-9.749876521042796e-05,-0.0005297549100782828
1765410062.758015,-9.843467358999836,-0.01835335094867765,0.39309810464153716,-0.008738633805206258,0.0007261781845266241,-0.000593946807559572
1765410062.758215,-9.852101140140347,-0.014407254241575669,0.39812889419235425,-0.008701190563757608,0.0015194911747437381,-0.0006821993557426109
1765410062.758415,-9.861247269926825,-0.010261007242114973,0.4014822910063521,-0.008649308276718655,0.002267704251220741,-0.0007927069315756431
1765410062.758654,-9.870341580243176,-0.006015705599445522,0.40291126561996504,-0.008585688650410093,0.0029585657014380984,-0.0009223067580855864
1765410062.758854,-9.878870564144812,-0.0018102950134058974,0.4022646213133987,-0.00851357336730176,0.003582779105086018,-0.001066632829046373
1765410062.759054,-9.886406440519561,0.002184668414522677,0.39949708592856925,-0.008436531054425938,0.004134250422478857,-0.0012203399665933988
1765410062.759254,-9.892632393116859,0.005776458373547769,0.39467135683947163,-0.008358246513647331,0.004610096313927033,-0.0013773940668571853
1765410062.759454,-9.897356423533672,0.008762704099043681,0.38795158133597507,-0.008282313506312054,0.00501043678140414,-0.001531430892020592
1765410062.759683,-9.90051415577584,0.010947278280770485,0.37958993468706703,-0.008212032701894934,0.00533803548004536,-0.00167616570854411
1765410062.759883,-9.902162315302903,0.012158652210032763,0.369909034190125,-0.008150224635285828,0.005597860275554873,-0.001805806438234938
1765410062.760083,-9.90246508173925,0.012267840963120993,0.35928247229400306,-0.008099071204524482,0.005796611931911308,-0.001915417001495499
1765410062.760283,-9.901675366084284,0.011202244773819635,0.34811478938876456,-0.008059995679901124,0.005942236358248587,-0.0020012037016844614
1765410062.760483,-9.900112695525827,0.008953016260277313,0.33682153565185835,-0.008033586716060631,0.006043418501895071,-0.002060726434235661
1765410062.76067,-9.8981390158879,0.005575950198881809,0.3258097323494643,-0.008019570997783727,0.006109058125502961,-0.002093037592592369
1765410062.76087,-9.896133527431775,0.0011873939523825365,0.3154590321628915,-0.00801684056407159,0.006147743656205403,-0.00209872981549127
1765410062.76107,-9.894467786980414,-0.0040434215000772124,0.3061042669312055,-0.008023540851608783,0.006167260554771696,-0.0020798603495738553
1765410062.76127,-9.89348257015825,-0.009905020182208296,0.2980205494919224,-0.00803722079862516,0.006174181680455089,-0.002039735570412525
1765410062.76147,-9.893468020925894,-0.016156930811200936,0.29141216189470615,-0.008055035498989007,0.006173579015722386,-0.0019825759467494374
1765410062.761689,-9.894648273973155,-0.022544644173904643,0.2864060408926181,-0.008073978019521082,0.006168873141241712,-0.0019131138937122578
1765410062.761939,-9.897171227139852,-0.028814727450223156,0.2830501222349135,-0.00809110804104597,0.0061618134226781385,-0.0018361844760415864
1765410062.762189,-9.90110372576539,-0.0347285638642112,0.28131638987463664,-0.008103747733417821,0.006152567553810694,-0.0017563523625704716
1765410062.762439,-9.90643215504323,-0.04007395651997415,0.2811081595961311,-0.008109628358104025,0.006139893034335508,-0.0016775969173154924
1765410062.762671,-9.91306820571411,-0.04467467790377441,0.28227083962337624,-0.008106985609198127,0.0061213624335871054,-0.0016030693003502804
1765410062.762871,-9.92085923077458,-0.04839819237363536,0.2846051927670981,-0.008094609666206934,0.0060936190694631754,-0.001534940166693804
1765410062.763071,-9.929602090128647,-0.05116116800419437,0.28788198484782146,-0.008071857068949462,0.006052647679938943,-0.001474357031608921
1765410062.763271,-9.939058843249436,-0.052931773184813,0.29185679523728963,-0.00803863095264289,0.005994049471690849,-0.0014215136513114485
1765410062.763471,-9.948972418990298,-0.05372795623616419,0.29628375086544423,-0.007995337250880691,0.0059133107773949745,-0.0013758058353812172
1765410062.763654,-9.959080688232365,-0.05361198622977128,0.3009271767437361,-0.007942826112217409,0.005806055138860564,-0.0013360299458949018
1765410062.763854,-9.9691280657064,-0.052682634275050544,0.305570611468449,-0.007882327444965797,0.005668273592356787,-0.00130058754430336
1765410062.764054,-9.978874481699734,-0.051066576119122464,0.3100230847748426,-0.007815386301814524,0.005496531718824808,-0.0012676843613245677
1765410062.764254,-9.988101994539054,-0.048909838218760056,0.31412285336481854,-0.007743799512967435,0.005288148226003486,-0.0012355293409499347
1765410062.764454,-9.996619467911847,-0.046369183933688427,0.31773900782457104,-0.007669553283796792,0.005041332944797151,-0.0012025347052850156
1765410062.764625,-10.004265765048247,-0.043603081214250085,0.3207715529636559,-0.007594764605243351,0.0047552727021261,-0.0011674990829642303
1765410062.764825,-10.01091189983153,-0.040762453685342176,0.3231506417362321,-0.007521634311901515,0.00443016300195119,-0.0011297426663665767
1765410062.765025,-10.016462553495929,-0.03798219192480598,0.3248355416518742,-0.007452419869952074,0.004067192867019113,-0.0010891685880003467
1765410062.765225,-10.020857291659707,-0.03537465348299686,0.3258136842102144,-0.0073894280000118785,0.0036684935126332454,-0.0010462457731456286
1765410062.765425,-10.024071594103248,-0.03302590739734296,0.3260998284657879,-0.007335015368207791,0.0032370604626726376,-0.0010019321382623964
1765410062.765679,-10.026117379254046,-0.030994677545033836,0.325734941912798,-0.0072915785754162285,0.002776655422802813,-0.0009575685595880099
1765410062.765879,-10.027042278586451,-0.029313342217361604,0.3247840407001414,-0.007261517291846397,0.002291689108250909,-0.00091476795064068
1765410062.766079,-10.026926895749554,-0.02799023932395476,0.3233323428979825,-0.007247163751767067,0.001787082603234159,-0.0008753074601636229
1765410062.766279,-10.025879840739565,-0.02701284074952267,0.32147980130200504,-0.007250682086630317,0.0012681070036914513,-0.0008410186376060463
1765410062.766479,-10.024031120666669,-0.02635175556387262,0.3193348816087194,-0.007273948402219713,0.0007402074973033097,-0.0008136687889101473
1765410062.766663,-10.021524905982323,-0.025965635581485493,0.3170086713020612,-0.0073184256809102,0.0002088221399099636,-0.0007948354150797008
1765410062.766863,-10.018512482440634,-0.02580678414053065,0.3146099617739417,-0.007385046394275429,-0.00032079573779277806,-0.000785786723545503
1765410062.767063,-10.015145591936983,-0.025826836372657508,0.3122413233558285,-0.00747411163039784,-0.0008437454362763976,-0.0007873859809716712
1765410062.767263,-10.011569882867615,-0.02598166142181729,0.30999585322717216,-0.007585210918934398,-0.001355630358733998,-0.0008000319795354585
1765410062.767463,-10.00791819090798,-0.02623484841206848,0.3079543338670714,-0.007717163285943706,-0.0018526821308344282,-0.0008236362000454504
1765410062.767649,-10.00430381184391,-0.026559618530029142,0.30618283946658187,-0.00786797837159332,-0.0023318434727751234,-0.0008576285264586114
1765410062.767849,-10.000814459856588,-0.026939377222589822,0.3047311152179982,-0.008034838195852155,-0.002790798643089882,-0.0009009833917474417
1765410062.768049,-9.997507865401436,-0.027367187788034868,0.30363211241847254,-0.008214105368393112,-0.0032279494684548777,-0.0009522641869694416
1765410062.768249,-9.994409831872485,-0.027844330410064604,0.30290283706414406,-0.008401368306756531,-0.003642346314606308,-0.0010096882548960725
1765410062.768449,-9.991515177753042,-0.028378018815967368,0.3025463334999033,-0.008591533618848119,-0.004033589127857819,-0.0010712136005839598
1765410062.768639,-9.98879156516354,-0.02897839931072433,0.3025544427906131,-0.008778969993208584,-0.004401709401290149,-0.0011346432235968993
1765410062.768839,-9.986185878709211,-0.02965516561003839,0.30291101819391997,-0.008957700518054442,-0.004747034773544414,-0.0011977384060393968
1765410062.769039,-9.98363255564119,-0.03041437728284926,0.303595346485751,-0.009121634482038692,-0.005070035274994603,-0.001258332058051631
1765410062.769239,-9.981063033396277,-0.03125616555370532,0.30458543906555635,-0.009264825965190498,-0.005371159191601705,-0.0013144369420850827
1765410062.769439,-9.978415288918324,-0.03217379217568084,0.3058607028279535,-0.009381743944648413,-0.005650679518586378,-0.0013643468304547271
1765410062.769753,-9.97564234796337,-0.03315403732032839,0.3074034529452734,-0.009467536289297591,-0.005908576005816476,-0.0014067271187369332
1765410062.770086,-9.972718669972519,-0.034178410996412854,0.30919885286892673,-0.009518268436303415,-0.006144467849990242,-0.001440685188749542
1765410062.77042,-9.969643493340428,-0.03522455652123197,0.31123315844596267,-0.009531118615864096,-0.006357596125877847,-0.001465804371120766
1765410062.770648,-9.96644060927901,-0.036267526692538715,0.313490560207548,-0.009504516463815733,-0.00654684545406642,-0.0014821253885570354
1765410062.774612,-9.963154597310355,-0.03728106012974317,0.3159492926610308,-0.00943821991295689,-0.006710796275540914,-0.0014900705360961475
1765410062.777653,-9.959844128691918,-0.03823916112701803,0.3185777975719066,-0.00933333359070841,-0.006847807421515045,-0.0014903252530530588
1765410062.779634,-9.95657333826079,-0.03911804308542559,0.32133156554358744,-0.009192276776150168,-0.0069561342976334865,-0.001483706952747343
1765410062.780636,-9.953402467526157,-0.039898051502490324,0.3241510684570988,-0.009018708017532224,-0.007034085672521938,-0.0014710510605284801
1765410062.782651,-9.950379103883737,-0.040564958311647956,0.3269611806875669,-0.00881740889973977,-0.007080213966610274,-0.001453129678244285
1765410062.787631,-9.947531387380822,-0.04111027552952277,0.32967261536670056,-0.008594126284246354,-0.007093525843831693,-0.0014306005766584957
1765410062.789649,-9.944864355551617,-0.0415307829920914,0.3321858339324703,-0.008355373517264415,-0.007073694901529636,-0.0014039765195841454
1765410062.792666,-9.942360017576506,-0.041827818751821164,0.33439741031974507,-0.008108195211171605,-0.007021255929409145,-0.0013736109076999997
1765410062.794634,-9.939980943749541,-0.04200675144432763,0.33620815498427353,-0.007859904320070181,-0.00693775954430518,-0.0013397053192449305
1765410062.797596,-9.937676487732597,-0.04207661847338668,0.3375318283062544,-0.007617802528422763,-0.006825866415069014,-0.001302344474479164
1765410062.799601,-9.935390457944667,-0.04204962029031929,0.3383031775485262,-0.007388895308578841,-0.006689362021887218,-0.0012615532033243683
1765410062.802588,-9.933069051794629,-0.04194029294314023,0.33848421745271834,-0.00717961234080766,-0.006533077936778793,-0.0012173595392434972
1765410062.803088,-9.930668000050604,-0.04176457388044506,0.33806798759951223,-0.006995542871871387,-0.006362715864860838,-0.0011698484819877694
1765410062.805613,-9.92815810430583,-0.041539182339130745,0.33707939628181444,-0.00684119412811187,-0.0061845845457170956,-0.0011192013405907644
1765410062.809606,-9.925528719835269,-0.04128151602823237,0.33557319148896847,-0.006719780684861018,-0.006005272365281153,-0.0010657261576519138
1765410062.812586,-9.92278917069549,-0.041009838744418284,0.3336295173501773,-0.006633055744042576,-0.005831286176427632,-0.0010098865108776234
1765410062.814592,-9.919968412205606,-0.040743299732044776,0.3313477756791074,-0.006581200362544146,-0.005668688254523441,-0.0009523280458618399
1765410062.817634,-9.917113353795278,-0.04050146328874841,0.3288395354842608,-0.006562789413603672,-0.005522759758958593,-0.0008938916265416702
1765410062.818134,-9.914286168893575,-0.04030339420626459,0.3262210963951681,-0.006574849842439345,-0.005397713481468008,-0.0008355978623966352
1765410062.822655,-9.911560815341582,-0.04016665422896585,0.32360616864303415,-0.006613017461351242,-0.00529647432741433,-0.0007785936680496446
1765410062.824648,-9.909018973061668,-0.04010661301544862,0.32109907265071486,-0.006671786230556725,-0.005220543211132979,-0.0007240639359605274
1765410062.827612,-9.906745623450664,-0.04013627119829631,0.31878884863147394,-0.006744832872495377,-0.0051699556767760245,-0.0006731227470372985
1765410062.829652,-9.904824476799586,-0.04026650508644212,0.3167446123082626,-0.006825392410991266,-0.0051433388804284245,-0.000626702958836651
1765410062.833224,-9.90333345564567,-0.040506460857213655,0.3150124121930485,-0.006906657125670759,-0.00513806179969169,-0.000585460081593802
1765410062.834586,-9.902340530755687,-0.040863843939382125,0.31361380604896577,-0.006982171263619927,-0.005150465751055412,-0.0005496992510821307
1765410062.837608,-9.901900269957585,-0.04134502980939962,0.31254628712736887,-0.007046194475648193,-0.005176155717331605,-0.000519326992015281
1765410062.839589,-9.902051314768732,-0.04195512196224651,0.3117854139170981,-0.007094006795131658,-0.0052103290873836755,-0.0004938269302242486
1765410062.842603,-9.9028146911842,-0.04269813638797726,0.31128816916992286,-0.007122128988789244,-0.005248119234500937,-0.0004722625587144339
1765410062.844641,-9.904192676915573,-0.04357734253110273,0.31099700144073267,-0.007128438720829314,-0.005284935121471307,-0.0004533161761756553
1765410062.847814,-9.90616809255269,-0.044595557537120224,0.3108442559213067,-0.007112176420958057,-0.0053167797839190675,-0.00043537382124773146
1765410062.849689,-9.908704260712476,-0.045755069428937804,0.31075706475760356,-0.007073850283237693,-0.005340527805447279,-0.00041665814492794896
1765410062.852648,-9.911746183179817,-0.04705695836760843,0.3106629677723286,-0.007015061174420845,-0.005354138642598652,-0.0003953976258079553
1765410062.854626,-9.915223441919453,-0.04849985501691229,0.31049640058037603,-0.006938273228016872,-0.005356785416427137,-0.0003700076103568962
1765410062.855592,-9.919054882267925,-0.050078486815932556,0.31020575704231146,-0.006846556276655742,-0.005348889655865265,-0.0003392526663519128
1765410062.859608,-9.92315452279157,-0.05178252638315504,0.3097602494347664,-0.006743323734074061,-0.005332066140450757,-0.00030236404145718855
1765410062.861763,-9.927437687815022,-0.05359613315600236,0.3091554803231123,-0.006632084441472585,-0.0053089909481453725,-0.00025909854277127343
1765410062.864657,-9.931826255751545,-0.055498221558416515,0.30841660816933497,-0.006516220180705278,-0.005283208424354771,-0.00020973924539317978
1765410062.867655,-9.936252167586812,-0.05746312227207248,0.3075983013605362,-0.006398794372053572,-0.005258893994456171,-0.00015504723975992313
1765410062.869628,-9.940658836078402,-0.059461180926582174,0.3067812893199398,-0.006282394508686266,-0.005240593326690763,-9.617423702605897e-05
1765410062.871734,-9.945000611840001,-0.06145908268520712,0.3060659553937098,-0.006169011887851577,-0.0052329618933182115,-3.4541535637773434e-05
1765410062.874705,-9.949240775685078,-0.06342015221728797,0.30556376572979616,-0.006059965172903885,-0.005240528109065981,2.8310430917275365e-05
1765410062.879104,-9.95334859128608,-0.06530517512728727,0.30538733709641175,-0.005955875538829677,-0.005267497232002507,9.089075429042316e-05
1765410062.87965,-9.957295880195984,-0.06707413557862837,0.3056398071519706,-0.005856697595377831,-0.005317604813258664,0.00015192286511961467
1765410062.882785,-9.961053518428225,-0.06868876957060718,0.3064041607022233,-0.005761802491038739,-0.005394020841623558,0.00021047899419397273
1765410062.884659,-9.964588288298325,-0.07011537275618013,0.30773342653056684,-0.005670102127709598,-0.005499300181367225,0.0002660647641924581
1765410062.887701,-9.967860583713898,-0.07132718331544935,0.30964296128068447,-0.00558020014532952,-0.0056353704220976205,0.00031864819515509444
1765410062.889624,-9.970823370147626,-0.07230591932995381,0.3121059300121074,-0.00549055497010638,-0.005803543728187485,0.00036863926052733585
1765410062.892613,-9.97342249612613,-0.07304247155386857,0.3150524681043736,-0.005399639163385504,-0.006004535893348188,0.00041683073356264865
1765410062.89462,-9.975598168594194,-0.07353703404364471,0.3183722839607006,-0.005306077524332339,-0.006238475881034652,0.0004643095948503185
1765410062.897607,-9.977287357801435,-0.07379893319080792,0.32192009332362176,-0.005208747289009037,-0.006504893104323117,0.0005123458592215122
1765410062.899635,-9.978427031554409,-0.07384618340118958,0.3255233286639289,-0.005106829732038136,-0.0068026754864413,0.0005622661905695061
1765410062.902643,-9.978958217476317,-0.07370460232008617,0.328991782934144,-0.004999812781964601,-0.007129996566963712,0.0006153228214736487
1765410062.904672,-9.978830805324328,-0.07340635608321058,0.3321288954115729,-0.0048874553908472085,-0.007484214709530864,0.0006725708569092473
1765410062.907629,-9.978008739235786,-0.07298805732595132,0.3347441194542211,-0.004769731126142831,-0.007861754194839782,0.0007347657755794605
1765410062.909673,-9.976474995594053,-0.07248876276146508,0.33666544441738444,-0.004646767193684411,-0.008257986932782596,0.0008022874352072881
1765410062.912652,-9.974235723246755,-0.07194817035434366,0.3377510567475305,-0.004518787838391543,-0.008667140323939112,0.0008750905071810204
1765410062.914596,-9.971323161760878,-0.07140502050045029,0.3378994154326945,-0.004386063922023108,-0.009082256714499087,0.0009526783330198477
1765410062.917638,-9.967797235069034,-0.07089542014249062,0.3370574022788518,-0.004248867542661232,-0.009495224069323774,0.001034099145608509
1765410062.919587,-9.96374583618575,-0.07045076731052397,0.33522634504140936,-0.0041074312736742976,-0.009896892378466386,0.0011179680269239967
1765410062.922584,-9.959283762729717,-0.07009519763244018,0.33246551985770034,-0.003961913941568085,-0.010277290195383334,0.0012025203237730204
1765410062.924624,-9.954550178272621,-0.06984286782399045,0.32889247097079244,-0.003812377548769624,-0.010625957130877583,0.001285699276488953
1765410062.927614,-9.949704505861144,-0.06969571273098812,0.32467947705880235,-0.0036587810040557525,-0.01093240254189914,0.001365273748828712
1765410062.929688,-9.944920803277883,-0.06964237601848082,0.3200458075072346,-0.003500993723325939,-0.011186682064909066,0.0014389756584983478
1765410062.930622,-9.94038079493742,-0.06965877079094572,0.3152458401900153,-0.003338827058545551,-0.011380054555794257,0.0015046436211119498
1765410062.932617,-9.936265783708253,-0.06971029111336904,0.3105535047251597,-0.0031720774699854396,-0.011505653879069364,0.0015603596584215658
1765410062.937603,-9.932747719752534,-0.06975528928666215,0.30624390208823266,-0.003000574316302038,-0.011559096443264954,0.001604569415931798
1765410062.939665,-9.929979832785623,-0.06974923308665619,0.3025733928185159,-0.0028242269556152458,-0.011538951391554954,0.0016361809619988648
1765410062.942606,-9.92808739575934,-0.06964896894844469,0.2997599157534939,-0.002643070149231695,-0.011447019261684944,0.0016546387825456975
1765410062.944606,-9.927159293377196,-0.06941663562259642,0.2979656158986299,-0.0024573119144889665,-0.01128838786867488,0.0016599674603861823
1765410062.945634,-9.927241079307406,-0.06902290997407451,0.2972837480648047,-0.002267390096595154,-0.011071258221959802,0.0016527776751313627
1765410062.947607,-9.928330167762564,-0.06844936149022372,0.29773124461499484,-0.0020740399103379133,-0.010806557789679485,0.0016342288598584008
1765410062.952649,-9.930373773665805,-0.06768970874979335,0.29924759896886965,-0.0018783660792650299,-0.010507380086458294,0.0016059485935524024
1765410062.954618,-9.933270122499577,-0.06674977857159332,0.30170004926744953,-0.0016819059074434973,-0.01018830500582921,0.0015699172804932078
1765410062.957692,-9.936873169391145,-0.06564610059104867,0.30489438995927576,-0.0014866687108685528,-0.009864661245400896,0.0015283345972838807
1765410062.95969,-9.941000646238706,-0.06440334118252639,0.3085901222763195,-0.0012951416176495256,-0.009551787641593293,0.0014834876153626247
1765410062.963063,-9.94544491253681,-0.06305103544919718,0.3125183437690726,-0.0011102574378580763,-0.009264335062951044,0.0014376376267914253
1765410062.965918,-9.949985932651321,-0.061620126866838945,0.3164008967907869,-0.0009353254312248537,-0.009015633744626796,0.0013929345245082797
1765410062.967667,-9.954405643645654,-0.0601396195646689,0.3199696203870235,-0.0007739307531373563,-0.008817142499120814,0.0013513576767989943
1765410062.969656,-9.958502870783567,-0.05863338149311076,0.32298474654008436,-0.0006298114415619533,-0.008677997042447014,0.0013146763383352967
1765410062.972613,-9.962107761057759,-0.05711714062516671,0.3252514201292331,-0.0005067213693341691,-0.008604678462807113,0.0012844242800599073
1765410062.974619,-9.965094538049524,-0.05559609779283695,0.32663316326916053,-0.00040828556063482864,-0.008600823573433017,0.0012618882255223717
1765410062.977614,-9.967391373729393,-0.05406400928999852,0.3270611206670752,-0.00033785301048921913,-0.008667193176072483,0.0012481090654040388
1765410062.979677,-9.968986376741993,-0.05250458705474714,0.32653823283395944,-0.0002983506004289837,-0.00880180179650909,0.001243886407329588
1765410062.98266,-9.969929048469616,-0.05089544051611703,0.3251380157616053,-0.0002921382639921766,-0.0090001970267854,0.0012497693011594398
1765410062.9846,-9.970326964106151,-0.04921381388786087,0.3229982401664795,-0.00032086234529430773,-0.00925586394897835,0.0012660193908383655
1765410062.987596,-9.97033783116132,-0.04744260657916215,0.32031032062033393,-0.000385305197198589,-0.00956072378256467,0.0012925485080591901
1765410062.989621,-9.970157428863603,-0.04557508493838727,0.3173054603244429,-0.0004852351649351179,-0.009905695839622825,0.001328851161388415
1765410062.992639,-9.970004247174183,-0.04361736490127921,0.31423854064614826,-0.0006192683754905698,-0.010281294418627364,0.0013739610799221387
1765410062.994668,-9.970101939841586,-0.041588720869694305,0.31137059251070415,-0.0007847583664522705,-0.01067823192055233,0.0014264549560876574
1765410062.997662,-9.970660943823189,-0.039520419173535,0.3089506374810607,-0.0009777308067493119,-0.011087994841743254,0.0014845113202710993
1765410062.999618,-9.971860744912286,-0.037453772253308586,0.3071978145328104,-0.0011928792574513734,-0.011503355646121625,0.001546018542842263
1765410063.002655,-9.973834282649108,-0.03543772265473947,0.3062849708269928,-0.0014236352060417183,-0.011918785985241733,0.0016087207818832887
1765410063.004665,-9.976655863411217,-0.03352604196591975,0.30632509478466513,-0.0016623226366201196,-0.012330744817970809,0.0016703934408451569
1765410063.007625,-9.980333609750138,-0.03177444137961315,0.30736184338710015,-0.0019004032150813218,-0.012737825393032236,0.001729041351963106
1765410063.009676,-9.984806932345073,-0.03023825546932434,0.3093649374264283,-0.0021288094492450853,-0.01314075466083763,0.001783104680571627
1765410063.012639,-9.989948971680894,-0.028971327526439338,0.31223068201468746,-0.0023383495391291597,-0.013542244638038782,0.0018316418179562144
1765410063.014646,-9.995573628350144,-0.028026035349836234,0.3157876119301029,-0.0025201549266911237,-0.013946697698658575,0.0018744487543204827
1765410063.017641,-10.001446680957999,-0.027453396603999522,0.31980720045329736,-0.0026661369649386784,-0.014359771809108609,0.0019120823419595514
1765410063.019642,-10.007300412522476,-0.027301628340914423,0.3240194048736192,-0.0027694242078140684,-0.014787822873809078,0.0019457794869309742
1765410063.022667,-10.012851005412278,-0.027611987100917307,0.32813236861427497,-0.0028247613176764627,-0.01523725904801343,0.0019772929912291195
1765410063.024702,-10.017817715725405,-0.028412090262800557,0.3318549465611659,-0.0028288566243292396,-0.015713859069442268,0.002008682150939775
1765410063.025754,-10.021942545628136,-0.02970842050516786,0.3349201076857364,-0.002780662948256866,-0.016222115514608247,0.0020420940411777972
1765410063.029697,-10.025008865558469,-0.031480398353129116,0.337106933171231,-0.0026815666286098224,-0.01676466077470415,0.002079554546511601
1765410063.032686,-10.02685731894936,-0.03367787122278086,0.33825902031954175,-0.0025354496588987636,-0.017341820348369293,0.0021227717410957285
1765410063.034655,-10.027397493046234,-0.03622251190561278,0.33829762721340484,-0.002348588200036507,-0.017951321433118297,0.0021729518365115334
1765410063.035664,-10.026614282658983,-0.0390123305066864,0.33722866483611774,-0.002129363192253887,-0.01858817235507712,0.0022306405667235595
1765410063.039701,-10.024568506024124,-0.04192801422968059,0.33514336344313017,-0.0018877844561581557,-0.019244721906162127,0.0022956179119951615
1765410063.042665,-10.021391968163492,-0.04484014771386723,0.33221288529164367,-0.0016348611602256388,-0.019910902103515288,0.002366875662158967
1765410063.044694,-10.017277624370795,-0.04761688510993302,0.3286773360330259,-0.0013818786219701657,-0.020574649074780054,0.002442690442379725
1765410063.047708,-10.012465741124961,-0.050131701607044124,0.32482977746916347,-0.0011396565898814858,-0.02122248677945329,0.0025207801660564987
1765410063.049714,-10.007227154875961,-0.05227044667612537,0.3209962145171556,-0.0009178656448431514,-0.021840250423997173,0.0025985161513293444
1765410063.052634,-10.001845048812184,-0.05393664599207823,0.3175131137082068,-0.0007244684014420896,-0.022413918689142786,0.0026731642418119394
1765410063.054642,-9.99659698994437,-0.05505443420551268,0.3147045092496603,-0.00056533390368131,-0.022930512026301822,0.0027421393811884695
1765410063.057659,-9.991738990982881,-0.055569602429832526,0.31286082562154194,-0.0004440498361178081,-0.02337899987790663,0.002803263900607582
1765410063.059685,-9.987492910022741,-0.055450251140750806,0.3122210692500276,-0.0003619307983681935,-0.023751149957855582,0.0028550096151082715
1765410063.062624,-9.984037686591067,-0.05468857592770712,0.312959173285573,-0.0003181954529187645,-0.02404225232004524,0.002896683023139448
1765410063.064771,-9.981504055739283,-0.05330418359798372,0.3151744239639096,-0.000310265261117777,-0.02425165723805637,0.0029285015011220497
1765410063.067094,-9.979971853597686,-0.05134776098515942,0.3188855271166132,-0.00033412727175555164,-0.0243830736691177,0.002951524658721423
1765410063.071145,-9.979469028993144,-0.04890301695890601,0.32402812229529004,-0.00038470573564710383,-0.02444458441875485,0.0029674473696923104
1765410063.072624,-9.97997188267673,-0.04608521392474969,0.3304560148576827,-0.00045620080276881375,-0.02444835125656132,0.0029783055996606238
1765410063.074707,-9.981406547691691,-0.04303588703681235,0.33794654611296593,-0.0005423712038017433,-0.024410011180849758,0.002986165448140508
1765410063.076688,-9.98365204816227,-0.0399144758602968,0.3462102415066435,-0.0006367548443171175,-0.02434779722342326,0.0029928527345685087
1765410063.079679,-9.98654533235856,-0.036887900333616566,0.3549044181923564,-0.0007328343657560624,-0.02428144384038042,0.002999752877091107
1765410063.082688,-9.989888490814891,-0.03411880330228858,0.3636500318903771,-0.0008241656532664756,-0.02423095489681542,0.0030076909332280096
1765410063.084653,-9.993458081608415,-0.03175289035700326,0.37205080624678205,-0.0009044959761503108,-0.024215324753624742,0.003016895797058552
1765410063.087652,-9.997016264441523,-0.029905977713966907,0.3797136729735978,-0.0009679010848878766,-0.024251311246036716,0.0030270527212904043
1765410063.089663,-10.000323270504904,-0.028652085550508688,0.38626963913998774,-0.0010089636670582078,-0.024352359610243453,0.00303744529600923
1765410063.091737,-10.003150410157431,-0.028014857397854944,0.3913940496844435,-0.001022999900647639,-0.024527766057148334,0.0030471757253275047
1765410063.094649,-10.005292414332994,-0.027964986630359123,0.39482476223782775,-0.0010063209557215123,-0.02478214886846312,0.0030554279366604444
1765410063.095688,-10.00657789627253,-0.028425421160149112,0.3963765783691363,-0.0009564976578326694,-0.02511526018229641,0.0030617109096821296
1765410063.099641,-10.0068773360399,-0.029283953194692937,0.39595094175584145,-0.0008725844035343278,-0.025522122503241023,0.003066013211082345
1765410063.102724,-10.006108692489438,-0.030410509181703523,0.39354103719612077,-0.0007552583963095012,-0.0259934294114596,0.003068829413397455
1765410063.104682,-10.004240828667477,-0.03167538500888133,0.3892329653103887,-0.0006068453694271011,-0.026516139357669416,0.0030710694774143768
1765410063.105643,-10.00129445124931,-0.03296526961954011,0.3832031605934337,-0.000431226435255267,-0.02707421938991836,0.003073899481800491
1765410063.109639,-9.997339949440443,-0.034195395426476795,0.3757113809331529,-0.0002336376625731239,-0.027649528825589367,0.003078565665803135
1765410063.112654,-9.992491867813985,-0.035317295909366796,0.3670885500580183,-2.0377457715516955e-05,-0.0282228325292839,0.003086230170364508
1765410063.114668,-9.98690050714679,-0.0363218301242017,0.357719741921289,0.00020156358429072313,-0.028774897204543255,0.0030978205893375894
1765410063.11766,-9.9807417368929,-0.03723689596247632,0.34802379645690534,0.0004249281861394644,-0.029287586817360083,0.0031138901323750716
1765410063.119608,-9.974206247762194,-0.038119662611521964,0.3384315254354812,0.0006426379533787833,-0.029744866748336107,0.0031345040206280333
1765410063.122624,-9.967489314258616,-0.039044521804740315,0.3293641915088458,0.0008482162427328271,-0.030133648436280306,0.0031591871479351528
1765410063.124653,-9.960781867773383,-0.04008936125765403,0.3212134814795322,0.0010361491172057296,-0.030444433176019036,0.003186960536452205
1765410063.127613,-9.954263272715437,-0.041323021223702947,0.31432377105104387,0.0012021558976178647,-0.03067173078787654,0.003216460180446642
1765410063.12868,-9.948095614523611,-0.04279574354149393,0.3089769965826628,0.0013433527400729514,-0.030814240948640215,0.003246100122165349
1765410063.131872,-9.942418836726716,-0.04453296305540148,0.3053801336508125,0.0014583022564079293,-0.03087479978045025,0.003274236730434525
1765410063.134694,-9.937346111818083,-0.046531907113705175,0.303655522130385,0.0015469489899304534,-0.0308601088448701,0.0032993108308656052
1765410063.137676,-9.932959391792568,-0.04876046393786164,0.3038348866694165,0.0016104472124378601,-0.030780273141077574,0.0033199675836036893
1765410063.139642,-9.929305703609323,-0.05115828163563924,0.30585819500200784,0.001650898234642904,-0.030648183273897664,0.0033351637766243078
1765410063.142718,-9.926395031860674,-0.0536404717119065,0.3095781155427535,0.0016710306088611987,-0.030478788619530375,0.003344267168385533
1765410063.144717,-9.924200538072984,-0.056104246330496335,0.3147700578885959,0.0016738736574213454,-0.030288315278792784,0.003347141834458806
1765410063.147722,-9.922661614009602,-0.05843831703747487,0.32114709317933515,0.0016624838936946382,-0.03009347514077619,0.0033442057789049616
1765410063.148222,-9.92169003377772,-0.060534164817470974,0.32837870940077957,0.0016397765883638235,-0.02991069472874025,0.003336445344912226
1765410063.15267,-9.92117923651932,-0.06229769286556671,0.3361122384009687,0.001608487870092343,-0.029755379982593956,0.0033253740510612107
1765410063.154737,-9.921016358856026,-0.06365959013059054,0.3439955684520376,0.0015712539520988452,-0.02964123550255108,0.003312929245632219
1765410063.157776,-9.92109596229363,-0.06458303790155832,0.35169931999049886,0.001530760448554359,-0.029579668082868178,0.0033013075594800815
1765410063.159678,-9.92133368892135,-0.06506797074051404,0.3589363392684486,0.0014899011841626945,-0.029579309979657624,0.003292749800868192
1765410063.162792,-9.921677738426771,-0.06515164084690864,0.36547657477113094,0.0014518940631954467,-0.02964569069784201,0.003289296302641053
1765410063.164716,-9.922116334186976,-0.06490556422706055,0.3711561980210453,0.0014203216123647928,-0.029781073469627235,0.0032925415419772803
1765410063.167655,-9.922680075553897,-0.06442913898923106,0.3758808329637867,0.001399084468127572,-0.029984461142381888,0.0033034205315011617
1765410063.169673,-9.923438836794407,-0.06384054509063346,0.3796234494370973,0.0013922715976056068,-0.030251766681933558,0.0033220593724452062
1765410063.172672,-9.924493430674724,-0.06326600423535123,0.3824176487259495,0.0014039618021497236,-0.03057613665661664,0.003347716201117134
1765410063.175194,-9.925962767484247,-0.06282879703512352,0.38434703528775166,0.0014379798622208648,-0.03094841353607054,0.0033788227186340447
1765410063.177706,-9.927967898062148,-0.06263927740026441,0.38553155406837325,0.001497638182697869,-0.031357718609868204,0.0034131140986793256
1765410063.179672,-9.930614918018499,-0.06278658488142376,0.3861120638778309,0.0015854985906464828,-0.03179212159316607,0.003447818419742809
1765410063.18268,-9.933978867777833,-0.06333224977490548,0.3862347133763501,0.0017031861152542924,-0.03223933819395714,0.0034798738748177986
1765410063.184664,-9.938090483477724,-0.06430569136570564,0.3860367574172661,0.0018512758622973966,-0.03268738336271041,0.0035061490794669396
1765410063.187628,-9.94292716957543,-0.06570169444186988,0.3856352395939057,0.002029257976441746,-0.03312512311476771,0.0035236505635702483
1765410063.189647,-9.948408985500258,-0.06748010576553268,0.3851193717436971,0.0022355715198614846,-0.03354270510970019,0.003529707040538785
1765410063.192664,-9.954399846253168,-0.0695679770001963,0.38454670903236243,0.0024676931184424698,-0.03393188215581179,0.003522121445828784
1765410063.194664,-9.960713705151184,-0.07186407103175234,0.3839428692520472,0.0027222696597986747,-0.03428625413236026,0.003499282187749412
1765410063.19764,-9.96712523838872,-0.07424520124907343,0.3833046237779959,0.002995287993842828,-0.034601444121329664,0.003460229522787995
1765410063.198637,-9.973384267841752,-0.07657363799547323,0.3826061688410862,0.0032822729918864273,-0.034875209161273506,0.003404681921542105
1765410063.202708,-9.979232720470337,-0.07870498448763169,0.3818079399542818,0.0035785009806219947,-0.035107478881474516,0.0033330344584077127
1765410063.204721,-9.984422519403452,-0.08049630115621813,0.3808667200364258,0.0038792128036674875,-0.03530031911802212,0.0032463402760919387
1765410063.207682,-9.988732689713968,-0.08181448589718533,0.37974545943620275,0.004179810049870715,-0.03545782322385413,0.003146278496435915
1765410063.208182,-9.991984182036052,-0.08254486542956892,0.3784213759276155,0.0044760192494544375,-0.03558593008981797,0.0030351054981857927
1765410063.212731,-9.994051350245805,-0.08259972520057966,0.37689146902918524,0.004764014146142864,-0.035692156051590464,0.0029155859849959976
1765410063.214726,-9.994869536275752,-0.08192620756632363,0.3751753175833292,0.005040494906478779,-0.035785221973383595,0.0027909026769354526
1765410063.217739,-9.994438652309846,-0.0805127328108693,0.3733155453137528,0.005302729740874724,-0.035874568590764606,0.002664545024215108
1765410063.219676,-9.992822840951636,-0.07839302879875445,0.37137635896336874,0.0055485655079679,-0.035969779536154226,0.002540179719875414
1765410063.222717,-9.990146274218205,-0.07564711889721976,0.36944026289264503,0.005776413585164348,-0.03607995845338016,0.0024215108579749055
1765410063.224678,-9.986585162845788,-0.07239906741888227,0.36760290249467575,0.005985220786754913,-0.03621312195288903,0.0023121416163474273
1765410063.227663,-9.98235623679358,-0.0688116062248385,0.3659661666654899,0.006174440224542337,-0.036375670356715774,0.0022154477669963655
1765410063.229688,-9.977702287935138,-0.06507781244256035,0.3646299726932768,0.006344016327272265,-0.036571987400352085,0.0021344677576464314
1765410063.232719,-9.972875804258447,-0.06140994164328825,0.36368343947767034,0.006494387841597429,-0.03680420415942541,0.0020718104385043967
1765410063.233753,-9.968122223018044,-0.058025694146524025,0.3631964902489388,0.006626496797696064,-0.03707214368097607,0.0020295824924377683
1765410063.235711,-9.963664618385442,-0.05513279847975813,0.3632131531369119,0.006741779881654414,-0.037373441747673715,0.0020093394104544068
1765410063.239692,-9.959691406546561,-0.052913571825942335,0.36374760499902803,0.0068421195011793235,-0.03770382061368796,0.0020120597686512647
1765410063.242678,-9.95634798638125,-0.051511459648293484,0.36478336126210487,0.006929745577193945,-0.03805748260372756,0.002038131476603574
1765410063.244684,-9.95373258315933,-0.051021088687196785,0.3662754067237813,0.0070070988125662025,-0.03842758825882535,0.002087329241090038
1765410063.245728,-9.95189620043259,-0.05148236041536277,0.36815480094594666,0.0070766821641374735,-0.03880678168469301,0.002158765977227344
1765410063.249732,-9.950846373274917,-0.052878263845192855,0.3703352710915365,0.007140931354093311,-0.03918771998488933,0.0022508193326794563
1765410063.252696,-9.950554129829463,-0.05513591065322279,0.3727212829278665,0.007202124947002887,-0.03956355982253521,0.002361058361912111
1765410063.253196,-9.950963230078242,-0.05813071811333983,0.3752169487978356,0.007262336292825164,-0.039928361215856675,0.0024862114108628887
1765410063.256742,-9.952000542213613,-0.06169410213015682,0.3777349298311034,0.0073234161627450155,-0.0402773873597248,0.0026222146706282434
1765410063.259766,-9.953586413064135,-0.06562486868463448,0.38020435893408944,0.007386994284224373,-0.040607299164651785,0.002764359777411274
1765410063.262654,-9.955643999380808,-0.06970360536598408,0.38257689323564675,0.00745449533484144,-0.04091625323808771,0.002907528201061648
1765410063.264672,-9.958106658762977,-0.07370834724951768,0.3848302884426586,0.0075271672625804534,-0.0412039117650959,0.0030464775844659753
1765410063.267661,-9.960922697894791,-0.07742935587254521,0.3869692194067969,0.0076061114232124395,-0.04147136991369644,0.003176140972130022
1765410063.269679,-9.964057155844191,-0.08068125302944332,0.3890233698936666,0.007692294790851516,-0.04172100589306267,0.0032919081672114123
1765410063.272623,-9.967490841653433,-0.08331165744458592,0.39104314600082635,0.007786527873635592,-0.041956259802467484,0.0033898668918354285
1765410063.274743,-9.971217298441443,-0.08520634179655152,0.3930936974437268,0.007889408564041153,-0.042181349495999186,0.0034669852184697867
1765410063.277708,-9.975238421924955,-0.0862913853051058,0.3952479974545266,0.008001250491926295,-0.04240093754892131,0.00352122060256493
1765410063.279676,-9.979559127517422,-0.08653281920099876,0.397579447015224,0.008122023712894048,-0.0426197745865396,0.0035515504385209788
1765410063.282677,-9.984181199843146,-0.08593413540617305,0.4001542280830787,0.008251332236160746,-0.04284235608595498,0.003557933528301601
1765410063.284782,-9.989096684822387,-0.08453207515041153,0.4030238019955338,0.008388439922644274,-0.04307263284164318,0.003541224280895299
1765410063.287233,-9.994281684457768,-0.08239139673298525,0.4062182971981537,0.008532341211302957,-0.04331380454700474,0.003503064732882809
1765410063.289784,-9.999691623690447,-0.07959957469126121,0.4097415982045916,0.008681863518383914,-0.04356820692373286,0.003445771207092496
1765410063.292657,-10.005258790854745,-0.07626224057534127,0.41356870148582664,0.008835785546905622,-0.04383728594818536,0.0033722172863191366
1765410063.293686,-10.010892484646554,-0.07249954799551071,0.41764557949793446,0.008992955981686169,-0.04412164440835965,0.0032857034078101776
1765410063.295649,-10.01648169009636,-0.06844289002192787,0.4218914717444939,0.009152396072189095,-0.04442114571320086,0.0031898049060542725
1765410063.299749,-10.021899898248792,-0.06423107565069641,0.4262032087652816,0.009313367739192386,-0.04473506131634626,0.003088203465050676
1765410063.302649,-10.027011496690905,-0.06000546879557408,0.43046101549824306,0.009475390816994677,-0.04506224529915419,0.002984520162232506
1765410063.304712,-10.031679176287943,-0.0559044187180974,0.434535382605954,0.009638202949221047,-0.045401314283340787,0.002882169642096635
1765410063.307661,-10.035772027112774,-0.05205789429435422,0.4382949483977347,0.009801671170257084,-0.04575081067070814,0.0027842426926185495
1765410063.309703,-10.039174213072236,-0.048583122069952585,0.44161556049253786,0.009965678798443425,-0.046109336433142425,0.0026934098496901432
1765410063.312717,-10.04179401350465,-0.045581394410377805,0.4443904560610868,0.010130020315536637,-0.046475659051139366,0.002611835980341425
1765410063.314711,-10.043572554262571,-0.04313562654868614,0.4465408204719322,0.010294337414693815,-0.046848801793354114,0.002541107624821907
1765410063.317714,-10.044491059200201,-0.041308115778432374,0.4480252712101163,0.010458118417990535,-0.04722813076201698,0.002482190015666936
1765410063.319736,-10.04457535759438,-0.04013831190210708,0.44884658107380243,0.010620762673288977,-0.04761344163615476,0.002435436971613049
1765410063.321723,-10.043896791423755,-0.03964096255744923,0.4490543698247788,0.010781690374310607,-0.04800503658934346,0.0024006700269239576
1765410063.324731,-10.042569293500872,-0.03980535977520357,0.448743206964194,0.010940465483553838,-0.048403773976340776,0.002377325098561066
1765410063.327661,-10.040742875972969,-0.04059632368591897,0.4480460910645737,0.011096897629025063,-0.048811074541159405,0.002364641799536579
1765410063.328161,-10.038593979415133,-0.04195705784773524,0.4471235641508569,0.011251096126530925,-0.04922887699081735,0.0023618531631751866
1765410063.331711,-10.0363132889061,-0.04381340924875336,0.44614918135418496,0.011403462455091128,-0.04965954407645142,0.0023683333057724605
1765410063.334687,-10.034091892015299,-0.0460787480582197,0.44529284231511534,0.011554622179276062,-0.05010571809449985,0.0023836784449983097
1765410063.336731,-10.032106945576706,-0.04865883732834707,0.44470417760055336,0.011705309685824323,-0.050570115518537996,0.0024077199534158957
1765410063.339709,-10.030508154447393,-0.05145648946100489,0.44449826140758913,0.011856228540127247,-0.05105525119406906,0.0024404818971640253
1765410063.340697,-10.029406284343564,-0.05437606030050841,0.44474532223219815,0.012007916868949612,-0.05156310225614934,0.00248209726791055
1765410063.344718,-10.028864660866263,-0.057327670139742645,0.4454651605978753,0.012160647807852743,-0.05209474864631323,0.0025326960297401857
1765410063.347701,-10.02889421571633,-0.060230645285311496,0.4466260834771821,0.012314385795619392,-0.05265004158924061,0.0025922820339209863
1765410063.349693,-10.029452271729646,-0.06301544469020229,0.44814767415462964,0.012468802186704151,-0.05322734655697391,0.0026606235533750034
1765410063.35066,-10.030445053791249,-0.06562357843690783,0.449906709796279,0.012623336818414817,-0.05382338997405741,0.002737186333315097
1765410063.354697,-10.0317338738401,-0.06800573654520972,0.451745819443797,0.012777284304151692,-0.05443322046759378,0.002821131291455069
1765410063.355758,-10.03314494676651,-0.07011914099566437,0.4534848083588804,0.01292988660993236,-0.05505028390181498,0.0029113793108488896
1765410063.359661,-10.034482709722054,-0.07192545168253082,0.4549347537441186,0.013080421633890825,-0.055666609271542676,0.0030067204477063464
1765410063.360663,-10.035546191090875,-0.07339012313036196,0.45591471297282044,0.013228284025525065,-0.056273107417736036,0.003105928587191958
1765410063.36467,-10.03614733985284,-0.07448320021561061,0.4562700401771259,0.013373055661453172,-0.05685998955871767,0.0032078454991808195
1765410063.367646,-10.036129495244591,-0.07518080674545076,0.4558902907430727,0.013514560484749232,-0.0574173078649354,0.0033114186815061423
1765410063.371186,-10.03538378115581,-0.07546657203587812,0.45472422789733746,0.013652896680152045,-0.057935600448196505,0.003415702641223651
1765410063.371686,-10.033861386761622,-0.07533292149354051,0.45278980304030064,0.013788442447315715,-0.058406594932219086,0.0035198465212834956
1765410063.374659,-10.031580262331058,-0.07478279869538246,0.4501777528632731,0.013921839808983635,-0.05882390266616902,0.003623082562163485
1765410063.377641,-10.028625389954225,-0.07383221522919392,0.4470481596358203,0.01405396983213947,-0.059183630569133665,0.003724708933076232
1765410063.379653,-10.025142402442894,-0.072513093661031,0.443619972853363,0.01418593638874213,-0.059484850917963086,0.003824049586036575
1765410063.38264,-10.021325088364545,-0.07087504561675577,0.44015439711044047,0.014319069433748917,-0.05972989261461314,0.003920385522008337
1765410063.384703,-10.017398264954872,-0.06898479143146735,0.4369341377790631,0.014454944053796843,-0.05992443764179948,0.004012876144437601
1765410063.38569,-10.01359828102628,-0.06692288056903485,0.43424116908773225,0.014595396907292049,-0.06007741771496139,0.00410050544333845
1765410063.389627,-10.010153641029765,-0.0647785253329777,0.4323355333324593,0.014742516385914029,-0.06020071352015087,0.0041820817825983705
1765410063.392677,-10.00726788177864,-0.06264391997279255,0.4314369366998331,0.014898589198338379,-0.06030866748477632,0.004256294978230676
1765410063.393177,-10.00510610843991,-0.060609077073818,0.43171006283768343,0.01506599920813491,-0.0604174295430948,0.0043218084232668295
1765410063.396695,-10.003785765098534,-0.05875734576346749,0.4332539024602198,0.015247086262486375,-0.06054416135156522,0.004377355614295621
1765410063.399658,-10.003371558999763,-0.05716110325702577,0.43609522828794817,0.015443977528070984,-0.06070612791031494,0.004421822571923025
1765410063.402725,-10.00387415344753,-0.055877177658720543,0.4401865969055704,0.015658402374396998,-0.06091971019105222,0.004454318364662816
1765410063.404747,-10.005252167451212,-0.054942332509877366,0.44540939397033424,0.015891500090633958,-0.061199385249854084,0.004474248158953696
1765410063.407685,-10.007416944479619,-0.05436994762742015,0.45158197755604074,0.01614363147249539,-0.06155674291545049,0.004481395700985541
1765410063.409669,-10.010239473580443,-0.0541490677226059,0.4584721757321438,0.016414209401943384,-0.06199962798111372,0.004476000879553921
1765410063.410683,-10.013558872120061,-0.05424611787878719,0.46581287509594976,0.016701566945577083,-0.06253149723422122,0.0044588042572005285
1765410063.412701,-10.017191938324116,-0.05460848242585654,0.47331936202069286,0.01700288104432892,-0.06315105835194826,0.004431039439351742
1765410063.417718,-10.020943356221382,-0.05516866478192786,0.4807071448541854,0.017314163570740334,-0.06385222497803067,0.004394379580116774
1765410063.419726,-10.024616205081665,-0.05584820432361479,0.48770898895871473,0.017630322368383276,-0.06462439320475732,0.0043508663470633755
1765410063.422722,-10.028022538542938,-0.056561503081480065,0.4940899462357819,0.017945289456742886,-0.06545302196805106,0.004302852174558508
1765410063.424829,-10.030993820421752,-0.05722040208744173,0.4996593628592374,0.018252213897265616,-0.06632047693716664,0.004252967365640951
1765410063.4277,-10.033390703272884,-0.05774017841688681,0.5042790773651528,0.018543718228888735,-0.06720707247698887,0.004204095337575496
1765410063.429725,-10.035111089351954,-0.05804673130063147,0.5078671759837229,0.01881221557118773,-0.0680922281017119,0.004159322005437689
1765410063.432685,-10.036095140830694,-0.058083766209548394,0.5103969644447262,0.01905027861042508,-0.06895565167409391,0.0041218311296301775
1765410063.434659,-10.03632633600394,-0.057818462521340264,0.5118914874926308,0.01925104208128217,-0.06977846508999937,0.004094741352958419
1765410063.435643,-10.035828563373142,-0.05724465941503263,0.5124147773141179,0.01940860999686539,-0.07054418999398022,0.004080905922975308
1765410063.439656,-10.034659945245442,-0.05638362567545607,0.5120615175526871,0.019518434891913163,-0.07123951675503393,0.004082707577118042
1765410063.442691,-10.032904259033389,-0.055283204168244976,0.5109466926251828,0.019577643923307117,-0.07185480465134235,0.004101874811492214
1765410063.444742,-10.030660715758172,-0.054015975624595064,0.5091962415801583,0.01958530177350635,-0.07238430649073196,0.0041393313719964055
1765410063.447655,-10.028032832023936,-0.05267626803045987,0.5069391451075775,0.01954261117337485,-0.07282615748178181,0.004195083586109397
1765410063.448657,-10.025117309788508,-0.051375165551474075,0.5043010065638923,0.019453048570585278,-0.07318219383856227,0.004268156108903426
1765410063.450767,-10.021994064066124,-0.05023284986126303,0.5013990169303568,0.01932241657556656,-0.07345766384467858,0.004356596262887333
1765410063.454702,-10.018718577141165,-0.049368623537518856,0.49833805066585135,0.019158780326200144,-0.07366087075796814,0.004457566105839019
1765410063.457705,-10.015317529848067,-0.04889010912397287,0.4952075725941428,0.018972256969488684,-0.07380275734911992,0.004567524926171691
1765410063.458699,-10.011788318857292,-0.04888356147174609,0.4920793250042117,0.018774648696030228,-0.07389641954922198,0.0046824808376612174
1765410063.462715,-10.008102768239057,-0.04940668584207311,0.4890064148746984,0.0185789388594478,-0.0739565303703966,0.004798271984721215
1765410063.463215,-10.004215028949899,-0.05048426130170126,0.48602492653099844,0.01839869279060932,-0.07399866716859146,0.004910835946818957
1765410063.467749,-10.00007319470956,-0.05210602669847593,0.48315901876168293,0.018247411523756602,-0.07403856072029007,0.005016441082516605
1765410063.469745,-9.995633529593285,-0.054226252592131506,0.48042958050951245,0.01813787916267162,-0.07409131300907298,0.005111875734681671
1765410063.470752,-9.990875504599405,-0.05676507573240069,0.47786524334467234,0.01808153229748675,-0.07417065045215204,0.005194604929495311
1765410063.474728,-9.985815269436202,-0.05961226246371901,0.4755133055817868,0.018087873509523532,-0.07428828362519876,0.005262899522765803
1765410063.477722,-9.98051500753286,-0.06263387862532767,0.4734473779158948,0.018163955096605674,-0.07445343183761798,0.005315925346852525
1765410063.479754,-9.975086034869388,-0.06568142279867248,0.47176874664061513,0.018313969041987063,-0.07467254214347538,0.005353767870719806
1765410063.482728,-9.969684501820948,-0.06860208500539658,0.4705997526941253,0.018538984528659097,-0.07494919233116587,0.005377374446917383
1765410063.484796,-9.96449993937475,-0.07124863281930285,0.4700696575874062,0.01883686604171506,-0.07528412906024887,0.0053884179442634465
1765410063.487766,-9.959738297195504,-0.07348806738352215,0.47029577794724253,0.019202383540494066,-0.07567537527793926,0.005389108152836032
1765410063.489713,-9.955602143368028,-0.07520909074297057,0.4713641567674505,0.019627501552991585,-0.07611835980397705,0.0053819875869686225
1765410063.492668,-9.952271073971179,-0.07632888346095121,0.47331408885861403,0.020101817052897594,-0.07660606953162792,0.005369741362582467
1765410063.494654,-9.949885052155368,-0.07679936926325875,0.4761295032697994,0.020613109008638695,-0.07712927099911651,0.005355033047497072
1765410063.495728,-9.948532453158377,-0.07661230961904933,0.4797381255636415,0.02114796150851707,-0.07767686284713526,0.005340363301657389
1765410063.49974,-9.948243378887963,-0.07580189002647435,0.4840173535582926,0.021692423060507993,-0.0782363982126923,0.005327946020983474
1765410063.502704,-9.948987863012718,-0.07444352155884915,0.48880462239528527,0.022232665115390987,-0.07879477455886835,0.0053196070012376424
1765410063.504729,-9.950678202621962,-0.0726484827749834,0.4939098181954309,0.022755604331941775,-0.07933904881182957,0.005316722039565342
1765410063.505755,-9.953174635487018,-0.07055523639864325,0.49912759859684797,0.023249459275148782,-0.07985730644756678,0.005320212150980806
1765410063.509757,-9.956293659208288,-0.06831896736835245,0.5042481192964577,0.023704224769238055,-0.08033949332815474,0.005330599827809327
1765410063.512713,-9.959818445673012,-0.0661007023009484,0.509065837040513,0.024112061378656596,-0.08077811087531261,0.005348111218407641
1765410063.514699,-9.963511052494402,-0.0640566249731964,0.5133874430000971,0.02446760409300584,-0.08116868792428672,0.005372797205857798
1765410063.517764,-9.967126244295413,-0.06232763516319609,0.5170405409959634,0.024768186917837554,-0.08150998055696022,0.005404646928427157
1765410063.519651,-9.970426478813403,-0.06102932388406521,0.5198837862026748,0.025013963346280924,-0.0818039019726161,0.005443676826941979
1765410063.522698,-9.973197096744808,-0.060243263841444655,0.5218174936791998,0.02520789061057743,-0.08205522601979215,0.005489988094146843
1765410063.524676,-9.975260343130884,-0.06001116346859484,0.522792544484273,0.02535554952442815,-0.08227112566538222,0.00554378661264942
1765410063.527658,-9.976486779524047,-0.06033323674861416,0.5228154633984395,0.02546479076690887,-0.08246060259122048,0.005605351625046857
1765410063.529656,-9.976802893078565,-0.06117094881263832,0.5219484681125586,0.02554522245110425,-0.08263385033877342,0.005674934248194248
1765410063.532698,-9.976194164514661,-0.06245282554373857,0.5203044115563096,0.025607573048175382,-0.0828015857925304,0.0057525786231019385
1765410063.533198,-9.974703437990442,-0.06408129647508061,0.5180374698228835,0.025662974975558854,-0.08297438547175258,0.005837889170379359
1765410063.537663,-9.972425011605921,-0.06593905918390466,0.515330975445866,0.02572221948233194,-0.08316206842644384,0.0059298027794708
1765410063.539691,-9.969495351230714,-0.06789471472388371,0.5123838799308627,0.025795036102776378,-0.08337317235261782,0.006026441051726029
1765410063.54279,-9.966081775955239,-0.06980836569729366,0.5093971822157716,0.025889451438302773,-0.08361456824265158,0.006125099127250464
1765410063.544822,-9.962370784920639,-0.07153782309988109,0.5065615851312517,0.026011279965209536,-0.08389124102184857,0.006222383354480556
1765410063.546709,-9.95855753226012,-0.07294529422785512,0.5040475781339321,0.02616378769963415,-0.08420622976988647,0.006314468932122056
1765410063.549687,-9.954837189722625,-0.0739037156400494,0.501998854507257,0.026347545408857177,-0.08456069278115724,0.006397432135287177
1765410063.550746,-9.951398038649389,-0.07430186803958604,0.5005294232885451,0.026560461018039286,-0.0849540599727545,0.006467617651540149
1765410063.554658,-9.948415664402122,-0.07404813113227855,0.49972406991289803,0.02679796562122967,-0.08538425158727253,0.006522013750898238
1765410063.557675,-9.946047658624549,-0.07307371056749183,0.4996411007409771,0.027053328171598424,-0.0858479550454942,0.006558612307900907
1765410063.559784,-9.94442849432048,-0.07133660752194158,0.5003158803000649,0.02731808089101455,-0.08634095017015106,0.006576721919449531
1765410063.56273,-9.943664532522321,-0.06882699778715357,0.5017638371704854,0.02758254002637272,-0.08685846316772586,0.006577187242738011
1765410063.56474,-9.943829413741964,-0.06557333681345152,0.5039823285619152,0.02783640210620522,-0.08739552050973165,0.006562462696745622
1765410063.567752,-9.944960349900121,-0.06164738098576557,0.5069516185784175,0.028069387282672435,-0.08794726965667,0.006536506481386948
1765410063.569729,-9.947055989086893,-0.05716624528410998,0.510635794517851,0.028271893633784285,-0.08850923829694715,0.006504495991470023
1765410063.572769,-9.95007650748704,-0.052290548402767804,0.5149844508436382,0.02843562492815806,-0.08907751872687271,0.00647239857992604
1765410063.573269,-9.953946313413466,-0.04721879784690617,0.519935404706528,0.02855416113893922,-0.0896488828177326,0.006446447805097206
1765410063.575758,-9.958559196601334,-0.04217868395498751,0.5254178690559291,0.02862345046983051,-0.09022084580503316,0.006432576781629803
1765410063.578747,-9.963785112719762,-0.03741583376276515,0.5313549361245706,0.028642205143142245,-0.09079169909279036,0.006435858202038078
1765410063.582748,-9.96947745076699,-0.033180289900757796,0.5376643866057631,0.02861217706683705,-0.09136052473384311,0.006460001808158036
1765410063.584692,-9.975479805449885,-0.029710963125609394,0.5442577351518383,0.028538278657257353,-0.09192719041538683,0.00650696276778655
1765410063.587739,-9.981631744200772,-0.02721872632473143,0.5510384553525666,0.0284285087922536,-0.09249231003580778,0.00657671270759037
1765410063.589733,-9.987773451063457,-0.025869568723297508,0.55790078747155,0.028293653003567266,-0.09305715321832984,0.0066672129321664496
1765410063.592754,-9.993749354642654,-0.025769916610308648,0.564730243759314,0.02814675156118681,-0.09362350354696185,0.006774602727005753
1765410063.594669,-9.999410994572278,-0.026956324909121962,0.5714062387273979,0.028002360935539823,-0.09419348729665634,0.006893578348362708
1765410063.597799,-10.004619435569378,-0.029391024611003742,0.5778065658967296,0.027875662146799207,-0.09476940163671611,0.007017903626803022
1765410063.59972,-10.009247488825627,-0.032963612225008564,0.5838129753848175,0.027781486954619357,-0.09535355922366519,0.0071409759941494354
1765410063.602694,-10.01318199645049,-0.03749815753822927,0.5893170654313208,0.027733339760743894,-0.09594814821637375,0.007256377793720187
1765410063.60475,-10.016326533286625,-0.04276464652958354,0.5942259903558874,0.02774249325770536,-0.09655509685365798,0.007358363878184016
1765410063.607705,-10.018604866270286,-0.048493858575086896,0.5984677169312318,0.027817231174340654,-0.09717593311351384,0.00744225736456276
1765410063.609689,-10.019965189064,-0.0543949663008328,0.6019955016305841,0.027962300877184487,-0.09781163815729371,0.007504736249527374
1765410063.612758,-10.020384627446827,-0.06017488930819345,0.6047910753614569,0.028178622383150633,-0.09846250181158765,0.007543996910682697
1765410063.614721,-10.019873099697286,-0.06555775134173056,0.6068660075047472,0.028463280543320167,-0.09912799622526014,0.0075597852542921415
1765410063.615727,-10.018475568153898,-0.070302188220688,0.6082610441103539,0.028809803011306485,-0.09980668771617636,0.007553298976825096
1765410063.619688,-10.016272031814212,-0.07421437574668484,0.6090437681312559,0.029208696813080727,-0.10049620424019357,0.007526984864278411
1765410063.622774,-10.013375025372461,-0.07715572236475035,0.6093052914879783,0.029648186351703153,-0.10119326855744777,0.007484273636278473
1765410063.624714,-10.00992463753993,-0.07904565939541673,0.6091564462718071,0.030115075776218258,-0.1018938003696543,0.007429296756043682
1765410063.627741,-10.006081102666526,-0.07986091702730982,0.6087231930705097,0.030595654096218297,-0.1025930846093807,0.007366610311428901
1765410063.629836,-10.002015056747586,-0.07963257082454733,0.6081404056428895,0.03107656907123847,-0.10328599189697114,0.007300924993602797
1765410063.632691,-9.997895870424147,-0.07844127656565275,0.6075435665844132,0.031545609171570094,-0.10396722154800005,0.007236829477001878
1765410063.634767,-9.993879158310087,-0.07641030674441304,0.6070591761869333,0.03199234679331576,-0.10463152927532508,0.007178506330718088
1765410063.637656,-9.990095255303242,-0.07369600327534892,0.60679581749854,0.03240860863455121,-0.10527391172995045,0.007129465490702669
1765410063.639653,-9.986640613203232,-0.07047615167080958,0.6068378434327909,0.032788752281881044,-0.10588974566063952,0.00709233862223443
1765410063.642691,-9.98357353264887,-0.06693785377907015,0.6072426487718621,0.033129744477773865,-0.1064749063643141,0.007068770277359041
1765410063.644665,-9.98091466678742,-0.06326679242281935,0.6080412901701572,0.03343105569281147,-0.10702590283217561,0.007059409593041103
1765410063.64775,-9.978651692691841,-0.05963898354038483,0.609241371913736,0.033694401868078115,-0.10754005807904372,0.00706397034799667
1765410063.64825,-9.976746814430818,-0.056214724812174516,0.6108307918334432,0.03392337177768697,-0.10801573587188168,0.007081312438563868
1765410063.652749,-9.975145655274451,-0.05313347916211492,0.6127813209566008,0.03412297699237348,-0.10845258194265898,0.0071095143479318335
1765410063.654717,-9.973786561002216,-0.05050860220860326,0.6150519273547594,0.034299155450916614,-0.10885172559752022,0.007145941662322755
1765410063.657696,-9.972609785742353,-0.04842199564393787,0.617592370665608,0.034458255022499606,-0.10921588835457975,0.007187344633025599
1765410063.659746,-9.971565935962216,-0.04691999724785795,0.6203471560878738,0.034606524340872594,-0.10954936737429488,0.007230017401666537
1765410063.662765,-9.970622657510157,-0.04601208680164068,0.6232590622833312,0.03474964466549804,-0.10985788721476605,0.0072700248061548164
1765410063.664726,-9.969768612698394,-0.04567303490968669,0.6262715232645811,0.03489234287773,-0.11014832964529422,0.007303471936117172
1765410063.66575,-9.969014532767808,-0.0458476689239991,0.6293303990073744,0.035038122354879325,-0.11042835838602998,0.0073267792496801995
1765410063.669712,-9.968391943863544,-0.04645662960123242,0.6323867501263486,0.03518912989879163,-0.11070596518299256,0.007336936850608891
1765410063.670676,-9.967950404165048,-0.04740196827129637,0.6354017972815159,0.03534615048899728,-0.11098898279884833,0.007331730494378131
1765410063.674752,-9.967753744753292,-0.048572684971451945,0.638353502981343,0.0355087033595469,-0.11128463165843565,0.007309937667237675
1765410063.677704,-9.967875342714251,-0.04985113699726996,0.6412426050046653,0.035675211055749834,-0.11159917243921846,0.007271476083482112
1765410063.679729,-9.9683923230568,-0.051120872788045495,0.6440957178038341,0.03584322149348751,-0.11193771653390859,0.007217462896143301
1765410063.682777,-9.969378934009498,-0.052275162100831246,0.6469643826470539,0.03600967119924474,-0.1123042078088092,0.007150136532197686
1765410063.684711,-9.970899905230768,-0.05322435496085355,0.6499206538985691,0.03617118089499729,-0.11270155094106285,0.007072620410810446
1765410063.687696,-9.973004859470398,-0.053900168656472396,0.6530507308681905,0.03632437205786177,-0.11313183855022035,0.006988560809376897
1765410063.689747,-9.975724506288323,-0.05425620972189227,0.6564478762588923,0.03646618674097397,-0.11359662415171515,0.006901720431368181
1765410063.69269,-9.979068618556363,-0.05426567579569968,0.6602049694849035,0.03659418664414737,-0.11409719257050918,0.006815622706925817
1765410063.694681,-9.983025126792622,-0.05391811309960482,0.6644063306979213,0.03670680490188357,-0.11463478372734726,0.006733308751501335
1765410063.69682,-9.987559366350215,-0.05321674341718796,0.6691183614770936,0.03680352530965693,-0.1152107273867999,0.0066572108100943946
1765410063.699733,-9.992612722197865,-0.05217659254687491,0.6743791661150462,0.03688496694892999,-0.1158264511415277,0.0065891019909671555
1765410063.701773,-9.998100615350541,-0.05082249487526072,0.6801883917976652,0.03695285927344445,-0.11648333640867209,0.006530078200423973
1765410063.702763,-10.00391061076315,-0.04918598001921352,0.686499371124455,0.03700990744503152,-0.11718241814438018,0.006480557648664164
1765410063.707744,-10.009901876407135,-0.04730114477338529,0.6932155829443173,0.037059567212845694,-0.11792395299444779,0.006440314648091689
1765410063.709802,-10.015907095421243,-0.04520090279858725,0.7001925239848044,0.03710576319465757,-0.11870691384642541,0.006408569955540048
1765410063.711745,-10.02173748879312,-0.04291526715598745,0.7072450645563966,0.037152588092492944,-0.11952849389261698,0.006384137465792549
1765410063.712814,-10.027191158675137,-0.040472163294171484,0.7141598774474364,0.03720401551789305,-0.12038370735204754,0.006365597394210198
1765410063.717754,-10.03206454720626,-0.0378994988696443,0.7207124437515231,0.037263648973149786,-0.12126515882931328,0.006351454521788026
1765410063.718254,-10.036166258962405,-0.035226257993538575,0.7266876940119985,0.03733451459368482,-0.12216303621850251,0.006340258096479507
1765410063.720771,-10.039331776809606,-0.03248113241775918,0.731902039529917,0.037418889853047844,-0.1230653731230687,0.00633069412781777
1765410063.724712,-10.041436983732403,-0.029689159504313493,0.7362230193730874,0.03751815525421306,-0.12395860899309985,0.0063216804996707975
1765410063.727685,-10.042408273025401,-0.02686848164981233,0.7395824224179102,0.037632666962917116,-0.1248284236000608,0.006312481098280341
1765410063.729715,-10.04222754821039,-0.024029415929936647,0.7419802438166693,0.03776166595757665,-0.125660746406687,0.006302818349873699
1765410063.73275,-10.040931452332106,-0.021176528666003485,0.743479508544516,0.037903247114466,-0.12644278722385008,0.006292935357817531
1765410063.734755,-10.038605378187036,-0.018312545316070683,0.7441944365985376,0.03805440468269015,-0.1271639366716076,0.006283564041966535
1765410063.73573,-10.035373695775922,-0.015442150971034373,0.7442755116203059,0.03821115762041118,-0.12781643266883425,0.006275793520962273
1765410063.73972,-10.031387841397818,-0.012574583534982413,0.7438944926880503,0.03836874718962699,-0.1283957482972817,0.006270875433808221
1765410063.742696,-10.026813602816288,-0.009725507322169903,0.743230980870377,0.038521890953639136,-0.12890070256149933,0.006270017297331589
1765410063.743696,-10.021818552365703,-0.006919499983946682,0.7424608606313414,0.03866507321900405,-0.12933332098798953,0.006274194723016217
1765410063.747788,-10.016560348488301,-0.00419386532261131,0.7417463408973066,0.03879285479629102,-0.1296984815482783,0.006283982359860415
1765410063.7498,-10.01117655356653,-0.0016029613830134363,0.741227423946092,0.03890019177628425,-0.13000338515654897,0.006299391081790568
1765410063.751853,-10.005776736072688,0.0007789202085810079,0.741015231909414,0.03898275670706519,-0.13025689964995438,0.0063197153416244935
1765410063.752796,-10.000437798970506,0.0028579081662603823,0.7411882034381541,0.03903725397583942,-0.1304688416431712,0.006343425550469522
1765410063.757768,-9.995203243502205,0.004524501893277143,0.7417919005639148,0.03906171826588071,-0.13064927405534554,0.006368157957530374
1765410063.758268,-9.99008622234306,0.005659914413447209,0.7428418294388293,0.03905578369607174,-0.13080789935800885,0.006390838577071096
1765410063.762733,-9.985075297672871,0.006143091967131146,0.7443273857052347,0.039020910580180895,-0.13095361151015847,0.0064079340457608505
1765410063.764723,-9.98014155708301,0.005857529351156029,0.7462151431978645,0.03896055375482112,-0.1310942305099719,0.006415778506864177
1765410063.765744,-9.97524620926262,0.004698328648553446,0.7484511491349238,0.03888024905293062,-0.13123639495196496,0.006410907803096198
1765410063.769759,-9.970348352033268,0.0025804894737506546,0.7509632275558409,0.038787584326855265,-0.1313855571020436,0.0063903468516965
1765410063.772731,-9.965412784939417,-0.0005514146465772419,0.7536644073394259,0.03869201621935225,-0.1315460305132382,0.006351828674739446
1765410063.774734,-9.960417546709744,-0.004713556565611232,0.75645774423619,0.038604503939000064,-0.13172106770939251,0.006293950445331033
1765410063.777757,-9.955360504748022,-0.009875496272831645,0.7592419743387883,0.03853695898530467,-0.1319129616990407,0.006216276698125073
1765410063.779795,-9.9502640377445,-0.015957047433317998,0.7619172316087394,0.03850154447222155,-0.1321231593828558,0.006119385289130879
1765410063.782787,-9.945176953154578,-0.022829803690295844,0.764390442782137,0.038509884442785816,-0.1323523673753333,0.006004837506887356
1765410063.78478,-9.940173406904773,-0.03032225535501758,0.7665805470059058,0.03857225510408997,-0.13260063772510827,0.00587506028125626
1765410063.787752,-9.935349362690255,-0.03822688559031617,0.7684239155278436,0.038696828895728834,-0.13286743519901,0.005733157770019396
1765410063.789762,-9.930817455225247,-0.04630832234612002,0.76988006939367,0.03888903490170747,-0.13315169676611105,0.0055827007580364595
1765410063.792774,-9.926700845412295,-0.05431281924658179,0.7709371208932415,0.039151089543254886,-0.13345189711060407,0.005427547647611824
1765410063.794733,-9.923126151191255,-0.06197987114455939,0.771615645895528,0.03948174123595137,-0.13376613418833444,0.005271721854787992
1765410063.796699,-9.920215300562566,-0.06905601790139063,0.7719694653562722,0.03987626077720128,-0.13409224285287796,0.005119328625149942
1765410063.799745,-9.918076421886157,-0.07530936924451609,0.7720825072431674,0.0403266915120434,-0.13442793010059342,0.004974473077976125
1765410063.802719,-9.916794506047989,-0.08054235518080013,0.77206231858223,0.04082234588676275,-0.1347709086159014,0.00484115584870776
1765410063.804691,-9.916423071565895,-0.08460063510016286,0.7720319511323529,0.04135050215729602,-0.13511899781695996,0.004723157518113937
1765410063.807719,-9.916978010530373,-0.08737780552365652,0.7721219741699177,0.041897229585115436,-0.13547017259769023,0.004623946311471368
1765410063.809679,-9.918434226780848,-0.08881728899596224,0.7724633795621877,0.04244826176915167,-0.13582256637364012,0.0045466335881641454
1765410063.812754,-9.920725048258,-0.08891326578662094,0.7731811259984143,0.042989844148136475,-0.13617445938320946,0.004493964835733247
1765410063.814768,-9.923744098220133,-0.08771143248916524,0.7743878736125986,0.04350949616989731,-0.13652428729176827,0.004468299941551151
1765410063.817765,-9.927349384077809,-0.08530866108182741,0.7761780508945209,0.04399664533261681,-0.13687068753322,0.004471533843017751
1765410063.819737,-9.931369564570252,-0.08184970765122963,0.778623031829778,0.044443105684137535,-0.13721257681519675,0.004504942761130486
1765410063.822736,-9.935612382262445,-0.07751981374748305,0.7817681974094447,0.04484338687320009,-0.13754923968776675,0.00456899116373242
1765410063.824722,-9.939874978272643,-0.07253390415856384,0.7856320065713261,0.045194832649280765,-0.13788040945652644,0.004663165714426448
1765410063.827702,-9.943955385007424,-0.06712468942621352,0.7902064937145712,0.04549759880140137,-0.13820632917121,0.004785891099652734
1765410063.82869,-9.947664136889394,-0.06153209429950583,0.7954583532564619,0.04575448705550415,-0.13852778118718387,0.004934537237189797
1765410063.832683,-9.950834781082062,-0.05599499048009292,0.801330007493839,0.04597065248681473,-0.13884607030093216,0.00510548277254353
1765410063.833837,-9.95333219349699,-0.05074434266402393,0.8077405328010047,0.0461532002971283,-0.13916294585416294,0.005294189075154375
1765410063.837771,-9.955058030192781,-0.04599603538822694,0.8145867851795164,0.04631068899165533,-0.13948045583314772,0.005495269206793211
1765410063.838271,-9.95595328535143,-0.04194245655710085,0.8217454231232927,0.046452565316226616,-0.13980073996962059,0.005702582991696578
1765410063.842705,-9.955998598355224,-0.03874362566491451,0.8290767412019633,0.04658856894275667,-0.14012578786605906,0.005909412880109534
1765410063.844723,-9.955213328683975,-0.03651980706667981,0.8364310206531042,0.046728153569620595,-0.14045720796415698,0.006108752692003999
1765410063.847722,-9.953654203776681,-0.03534719474362205,0.8436572048696321,0.04687997059779062,-0.14079606427299268,0.0062936863404002945
1765410063.849746,-9.951413716309846,-0.03525667751242805,0.8506126518370589,0.04705145242578266,-0.1411428291479016,0.0064577859155314455
1765410063.85178,-9.948618009446147,-0.036234154864460605,0.8571725569697776,0.04724851688740379,-0.1414974688551412,0.006595451197218005
1765410063.854778,-9.945424042322792,-0.03822064802829969,0.8632384675583746,0.04747539558616209,-0.14185963749734218,0.006702147095272883
1765410063.85781,-9.942016018995648,-0.04111177516542319,0.8687459211548899,0.047734573427930624,-0.14222892877367926,0.006774542320425816
1765410063.859783,-9.93860099486251,-0.044757988634606956,0.873670785009455,0.04802682137627773,-0.14260513834337232,0.006810577198002099
1765410063.862791,-9.935403354052633,-0.048967869686265465,0.8780329916218717,0.048351309365200185,-0.14298851002423474,0.0068094804240228235
1765410063.864733,-9.932657784042785,-0.053516086122348316,0.8818962053228309,0.04870579275801739,-0.14337995028079503,0.006771732880324343
1765410063.867756,-9.93060049289416,-0.05815583723695013,0.8853627707166211,0.049086863497328714,-0.1437811869476645,0.006698967773536006
1765410063.86971,-9.9294585920584,-0.0626338915625237,0.8885644173623028,0.049490244385342504,-0.14419483637617367,0.006593810492326926
1765410063.870722,-9.929437812610681,-0.0667056938129174,0.891649917619177,0.04991109118798282,-0.14462434942030544,0.006459688130464702
1765410063.872765,-9.930709107527504,-0.07014870556039103,0.8947710708969777,0.050344264753691435,-0.14507383104242363,0.006300655766810219
1765410063.877834,-9.933395115891201,-0.07277343509523158,0.8980683422931298,0.0507845486025026,-0.1455477542236057,0.006121277010392989
1765410063.878334,-9.937557712602107,-0.07443247489515734,0.9016575054318501,0.051226809910267526,-0.1460506061244919,0.005926561748917645
1765410063.880739,-9.943187882078245,-0.07502779068342304,0.9056186584805312,0.051666120357572634,-0.14658651409581808,0.005721926015176552
1765410063.883811,-9.95019905527656,-0.0745158344142788,0.909988727731832,0.05209785777836035,-0.14715889980582555,0.005513123925360917
1765410063.887756,-9.95842489377414,-0.07290965399934056,0.9147579540050779,0.05251780183801209,-0.14777019689021714,0.005306120451135989
1765410063.888256,-9.967622241752904,-0.07027764830014434,0.919870177273583,0.052922228881878766,-0.14842164580173306,0.005106908958264306
1765410063.892777,-9.977479584385385,-0.06673961420642475,0.9252264333601401,0.0533080106183822,-0.14911316182518003,0.0049212971778853625
1765410063.89471,-9.987630854514968,-0.06246122193269739,0.9306914701727299,0.05367272429303377,-0.14984326615582896,0.004754675913255939
1765410063.897679,-9.997673819147906,-0.057647418427236495,0.9361028733653347,0.054014778606744446,-0.15060907360422252,0.004611764318851216
1765410063.899716,-10.007191727033856,-0.052533983129934674,0.941282377900824,0.05433354566551928,-0.1514063385434791,0.004496322919199782
1765410063.902711,-10.01577665619683,-0.047375744575000586,0.946048779359015,0.05462947049708578,-0.15222956790683576,0.00441085203358977
1765410063.904796,-10.023052993050339,-0.042430676580277334,0.9502315817469433,0.054904117048435126,-0.15307221121455683,0.004356331999087747
1765410063.907734,-10.028699424064758,-0.03794093751640274,0.9536839797023359,0.055160111575313184,-0.15392692958313312,0.004332079947628355
1765410063.909785,-10.032467783814887,-0.03411362573923965,0.9562934058660784,0.05540096287903013,-0.15478592976776043,0.00433577560237082
1765410063.912856,-10.034197417909642,-0.031104443897970933,0.9579883638772632,0.055630768551803725,-0.15564133152086404,0.00436365601114931
1765410063.914777,-10.033824384291107,-0.029006476964206107,0.9587415037203194,0.05585384538641205,-0.15648552618275705,0.00441082851192118
1765410063.917765,-10.031385399719477,-0.027844736800741232,0.9585699608027839,0.05607433701286587,-0.1573114902961937,0.004471632218076467
1765410063.919791,-10.027016666288196,-0.027576014713151287,0.9575342121419257,0.056295847131978674,-0.15811304093687042,0.004539998059044382
1765410063.922715,-10.020947737643995,-0.028093360150393397,0.9557362290537132,0.05652112941488721,-0.15888504676889512,0.004609795386907637
1765410063.924754,-10.013490616698606,-0.02923489336545627,0.9533169608680988,0.05675184789442362,-0.1596236216522286,0.0046751770786096075
1765410063.925758,-10.005024349843884,-0.03079698004272712,0.950452495400567,0.05698841270260251,-0.16032631708635747,0.004730927906324017
1765410063.929699,-9.99597556574502,-0.032551445456529104,0.9473479632940339,0.057229896327367455,-0.1609923041902161,0.004772793176709004
1765410063.932685,-9.98679585002738,-0.034265404046911,0.9442287183686783,0.057474040912174104,-0.16162250983516988,0.00479774178403302
1765410063.934745,-9.977937425212389,-0.03572106488449963,0.9413293113042955,0.05771736934801629,-0.16221965579780148,0.004804120195307467
1765410063.937706,-9.969828862167127,-0.03673253838936009,0.9388814358771044,0.05795540498197723,-0.16278815497487725,0.004791683162836618
1765410063.938702,-9.962852278655841,-0.037157664573718545,0.937101851421532,0.0581829884155267,-0.1633338505344265,0.0047615233337268735
1765410063.942741,-9.95732304723527,-0.036904554920257605,0.9361807589557979,0.05839466457466389,-0.16386362770603044,0.004715938215331726
1765410063.943797,-9.953472847111005,-0.03593372240702079,0.9362709854965178,0.058585106287791254,-0.16438495641234707,0.004658259752177422
1765410063.9477,-9.95143691850141,-0.03425680209793217,0.9374786676446902,0.05874954110485354,-0.16490542507718015,0.004592646181148458
1765410063.948716,-9.951246405348924,-0.031932348900150904,0.9398564788499771,0.05888415070711895,-0.16543231327084257,0.0045238231036661926
1765410063.952728,-9.952826640311786,-0.029058856863184015,0.9434005105965436,0.05898641405206786,-0.1659722357057314,0.004456771192522713
1765410063.954836,-9.956002073526886,-0.025765430101203322,0.9480516004921524,0.05905536746436304,-0.16653087385622423,0.004396380514342928
1765410063.957827,-9.960508133658294,-0.02220121057397023,0.9537012133019546,0.05909175869816127,-0.16711279521600167,0.004347105125790916
1765410063.959831,-9.96600959098488,-0.01852508439377273,0.9602011006088187,0.05909807777677658,-0.16772135099634886,0.004312645195768709
1765410063.960794,-9.972124063179086,-0.01489686984442979,0.9673751454433631,0.059078456276422844,-0.16835864291788966,0.004295666099043641
1765410063.964739,-9.978448385850236,-0.011470208790454425,0.9750313162261719,0.059038439245161355,-0.16902554857603755,0.004297554174520088
1765410063.967765,-9.984585085776649,-0.008386343795692527,0.9829719102211314,0.058984645828943166,-0.16972178362375676,0.004318219571191792
1765410063.969802,-9.990166570649118,-0.005767645225172389,0.9910015101549123,0.05892434020328124,-0.17044596510246904,0.004355982596308154
1765410063.975257,-9.9948757651286,-0.0037105095462100506,0.9989337750501645,0.05886493537799263,-0.17119564236369353,0.004407600697554551
1765410063.975757,-9.998462980498436,-0.002278603794608302,1.0065990714741277,0.05881345781256238,-0.17196728999466196,0.004468485445410157
1765410063.977785,-10.000759057743235,-0.001498355478446682,1.013854183825707,0.058776016403950006,-0.17275629800153713,0.004533113965439879
1765410063.979739,-10.001684361101274,-0.0013583049521071727,1.0205935321288087,0.058757339952998935,-0.17355701926659262,0.0045955754026205916
1765410063.982781,-10.001252759288807,-0.0018125367829473957,1.0267599757981514,0.05876045712094137,-0.17436292421741195,0.004650147864863243
1765410063.984726,-9.999569819876644,-0.002786816300662317,1.0323531410870697,0.05878657752124454,-0.17516687881123083,0.004691802898886717
1765410063.987766,-9.996824905744827,-0.004185372211872832,1.0374336399002477,0.05883519314143195,-0.1759615323953691,0.004716577824696603
1765410063.988266,-9.993277326133658,-0.005896889121070571,1.0421217367768962,0.05890437442077448,-0.1767397906981049,0.004721810547182742
1765410063.992771,-9.98923708666319,-0.007799642600698181,1.046589211929737,0.05899120443460856,-0.17749534456178123,0.00470626623823385
1765410063.994727,-9.985041226873856,-0.009766817428300661,1.051044065948293,0.05909228290053156,-0.17822320983650541,0.004670187152590769
1765410063.997713,-9.981027212628064,-0.011673148520349232,1.0557092181199725,0.059204232920240865,-0.17892021057502358,0.004615272216423675
1765410063.999826,-9.977505301404754,-0.013403039055870404,1.0607977384395435,0.059324151263464076,-0.1795853264555137,0.0045445641998082984
1765410064.002733,-9.974732265505455,-0.014858956441448724,1.0664880186788235,0.05944995555392463,-0.18021983863260188,0.0044622163616287085
1765410064.003792,-9.972889214823963,-0.015968298593349722,1.0729025110986536,0.059580597529974716,-0.18082723893380218,0.004373138108913675
1765410064.007766,-9.972066119127737,-0.01668761908748855,1.0800930369239892,0.05971612829671993,-0.18141290181738598,0.00428256069853729
1765410064.00977,-9.972254813887435,-0.01700447835541966,1.0880343171103177,0.05985761996630241,-0.1819835487377352,0.004195586173425886
1765410064.012709,-9.973351062097732,-0.016938011767386407,1.096625952537731,0.06000697111243366,-0.18254655816441812,0.004116772507592541
1765410064.014725,-9.97516504143689,-0.01653889806139982,1.1057020332063434,0.0601666456312543,-0.18310919215683202,0.004049781617503221
1765410064.017788,-9.977438719771246,-0.015888217888424816,1.1150468467884742,0.06033940205293731,-0.18367782343006253,0.00399709892565983
1765410064.018288,-9.979868151257977,-0.015093831187366085,1.1244147520984094,0.06052805747028405,-0.18425725315120217,0.0039598346438789915
1765410064.020753,-9.982128717728234,-0.01428320501754003,1.133552224431628,0.06073530663563592,-0.18485020315088285,0.003937630060325724
1765410064.024753,-9.983901421275572,-0.01359293351118628,1.1422201078828498,0.06096359462576604,-0.18545704334195892,0.003928697552950434
1765410064.027743,-9.984898219061973,-0.013156529416369155,1.1502139095975423,0.061215028303412536,-0.18607578073417014,0.003930007728012275
1765410064.029778,-9.984884195311269,-0.01309250538236167,1.1573797896307432,0.06149131237408779,-0.18670229885233258,0.003937607445813182
1765410064.032789,-9.983694527612872,-0.013494181601659489,1.163624429737929,0.061793705767437056,-0.18733079893691734,0.003947025983089631
1765410064.034782,-9.981245013835018,-0.01442177077967809,1.1689184407624928,0.0621229980808505,-0.18795435830346657,0.003953714337156973
1765410064.037777,-9.977536088724,-0.015896969757246266,1.1732945941221313,0.062479496491610005,-0.18856549727861194,0.0039534652848408494
1765410064.039763,-9.972651105704086,-0.017900676164631413,1.1768428000247058,0.06286300320927014,-0.18915665184435154,0.003942773344878696
1765410064.042788,-9.966749865143479,-0.02037480191920388,1.1797032112621932,0.06327276744250004,-0.18972048941928135,0.003919105175778704
1765410064.044756,-9.960058212484304,-0.023228648680153438,1.1820579715225585,0.06370741306645142,-0.19025006271343559,0.0038810567717056416
1765410064.047732,-9.952854379133012,-0.02634892561686284,1.1841216981364349,0.06416486026874806,-0.19073884600260843,0.0038283793885906087
1765410064.049715,-9.945452675457298,-0.0296110576062093,1.1861307730632111,0.06464226495684686,-0.19118072416507598,0.003761873012416854
1765410064.052803,-9.938185130084674,-0.032888988428872404,1.1883315966948915,0.06513599246918712,-0.1915700066153882,0.0036831779563240934
1765410064.054859,-9.931381721773699,-0.036061714213380766,1.1909679315281463,0.06564163035479337,-0.19190152359727183,0.0035945272925620867
1765410064.056833,-9.925349982716936,-0.039016719355029005,1.1942672515517585,0.06615403844014708,-0.1921708375740641,0.0034985295278094648
1765410064.059792,-9.920354983840026,-0.041651951347100126,1.198425870007716,0.06666743724218997,-0.1923745681298422,0.0033980204425849694
1765410064.062797,-9.916601101095273,-0.043877911070372304,1.203593112847786,0.06717554475679463,-0.19251078764036003,0.003295975750191709
1765410064.063787,-9.914217425566747,-0.04562012645996106,1.2098560848349635,0.06767177707254249,-0.19257941147521557,0.0031954474559111597
1765410064.067793,-9.913248851409982,-0.04682104157904317,1.2172278077676064,0.06814952014030035,-0.1925824994619382,0.0030994923404711046
1765410064.068293,-9.913654350451194,-0.04744030515775226,1.2256415512391106,0.06860245925396638,-0.19252441136095094,0.003011087098671766
1765410064.072757,-9.915312766943469,-0.0474535113556827,1.234952793436462,0.06902493234939498,-0.192411805651656,0.0029330442377344637
1765410064.075211,-9.918035218247583,-0.04685052110322919,1.2449483821491294,0.06941226469041772,-0.19225351179521077,0.002867937270274464
1765410064.077751,-9.921582406055036,-0.04563452123733352,1.2553612175734836,0.06976104700550884,-0.1920603172042295,0.002818019072388647
1765410064.079735,-9.925684841501385,-0.04382190673406236,1.265888440347587,0.07006933116760834,-0.19184468964688367,0.002785100640441284
1765410064.080759,-9.930063919264317,-0.04144179015009429,1.2762112753193513,0.07033672911515959,-0.19162042550309666,0.0027703707818412626
1765410064.084748,-9.934451888647404,-0.038533520905348055,1.2860149293460694,0.07056440471533955,-0.1914021961694489,0.0027741771401775315
1765410064.087734,-9.938609128997815,-0.035141490295903466,1.2950071599996285,0.07075494640006669,-0.19120496590991076,0.002795832284114553
1765410064.089719,-9.94233770009466,-0.03130817865345758,1.3029344954732516,0.07091211164202549,-0.19104327391646847,0.0028335282865101148
1765410064.092773,-9.945490795355783,-0.02706773439172712,1.3095957632012902,0.07104044971064022,-0.1909304096314441,0.0028844221245697458
1765410064.094719,-9.947978256833744,-0.0224425020762574,1.3148531981772802,0.07114483304703836,-0.19087755628581635,0.0029448984937614367
1765410064.097766,-9.949768376849828,-0.017443800905019256,1.3186411416682562,0.07122995233224637,-0.19089301786509924,0.0030109556810034147
1765410064.099758,-9.950885826796199,-0.012076569170132126,1.3209711898266898,0.07129984772404349,-0.19098165960881386,0.0030786252591153023
1765410064.102715,-9.951405339392288,-0.006346229255874579,1.3219318748824076,0.07135755009804151,-0.19114466696369253,0.0031443403510529504
1765410064.104713,-9.951441244741055,-0.00026605555422153744,1.3216816191716438,0.07140488867781691,-0.19137966810745458,0.003205201711314045
1765410064.10776,-9.951133851199573,0.006135682846826833,1.3204353211697313,0.07144249284577926,-0.1916811978638865,0.0032591314964083543
1765410064.109741,-9.950634294109319,0.01280855611283326,1.3184462804771377,0.07146998713782496,-0.19204143100237708,0.0033049241308781003
1765410064.112883,-9.950089569055537,0.019672633030174202,1.3159857252782765,0.07148635468800102,-0.1924510841933408,0.003342196262935629
1765410064.114734,-9.949629284867623,0.026611992990928195,1.3133223628495774,0.07149042442999602,-0.19290037086117542,0.0033712264316755123
1765410064.117744,-9.949355538263278,0.03347133061903785,1.3107045275032219,0.0714814186514997,-0.19337989103367334,0.003392685880513732
1765410064.119769,-9.949337179539697,0.040057968560871016,1.3083473618547492,0.07145948241949188,-0.1938813554218796,0.0034072965411070543
1765410064.122897,-9.949609272589635,0.0461502082322735,1.3064264386743454,0.07142611305967132,-0.19439808215696378,0.003415487166118771
1765410064.124783,-9.950177578429326,0.05151092127196799,1.3050774009725528,0.07138442287147524,-0.19492525528999644,0.0034171264208491237
1765410064.127787,-9.951026682257869,0.05590394311984036,1.3043995865542843,0.07133919888986366,-0.19545997470593193,0.003411384108039528
1765410064.129751,-9.952129532204994,0.05911091678932217,1.3044612081693756,0.0712967577209521,-0.19600114344235062,0.003396726377840898
1765410064.132778,-9.95345616037637,0.06094733250281829,1.3053044806051421,0.07126461811595809,-0.19654923729859233,0.0033710160963727784
1765410064.134791,-9.95498016432863,0.0612774698949023,1.3069501907087588,0.07125102534717594,-0.19710599821436878,0.003331682397440464
1765410064.137846,-9.95668251356411,0.06002789315065905,1.3094016658803933,0.07126436747463613,-0.19767409159781776,0.0032759392570087223
1765410064.139767,-9.958552812897004,0.05719818303293905,1.3126478285402037,0.07131253348348957,-0.19825676323164163,0.003201050948275659
1765410064.142776,-9.960588270099398,0.052866668013787935,1.3166647035151824,0.07140227755398951,-0.19885752091811068,0.0031046418291077135
1765410064.144779,-9.962790605558949,0.04718899883740918,1.3214149248503695,0.07153866419818425,-0.1994798528677262,0.0029850264493557726
1765410064.145777,-9.965161218622267,0.04038872908553065,1.326845382435074,0.0717246655437621,-0.20012698327234815,0.0028415119217637054
1765410064.149863,-9.96769511333678,0.032741034845896785,1.33288379226372,0.07196096032435462,-0.20080165886770196,0.002674620279837178
1765410064.1528,-9.970374361372485,0.024552288203618874,1.339435414728044,0.07224595001086874,-0.20150596168520996,0.0024861998187722507
1765410064.154985,-9.97316218131693,0.016138505186869875,1.3463812215096749,0.07257597420359371,-0.20224115293431105,0.0022794257113880278
1765410064.157813,-9.975998922905177,0.007804710312904395,1.3535785303653693,0.07294568646411524,-0.20300756402931702,0.002058708941925184
1765410064.159831,-9.978801202738417,-0.00017402190244506543,1.3608647120533088,0.07334854569380415,-0.20380455156212385,0.0018295286303547618
1765410064.162895,-9.981464973862003,-0.007569592603936355,1.3680640905512433,0.07377738027597039,-0.2046305189397121,0.001598185710033593
1765410064.164862,-9.983872406689747,-0.014215194271299563,1.374997436927268,0.07422498280412891,-0.20548298636908932,0.0013714645343237387
1765410064.166936,-9.985901446090859,-0.020015224980271598,1.3814926812953243,0.07468468805871378,-0.20635867445061393,0.0011561973780180406
1765410064.167923,-9.987436314807592,-0.024948767429903287,1.3873952785505972,0.07515088109089907,-0.20725356230870184,0.000958757231542622
1765410064.172842,-9.988377295536408,-0.029065462899384796,1.3925773005985334,0.0756193843272704,-0.20816289372743907,0.0007845428141125938
1765410064.175349,-9.988648565315513,-0.03247441776876864,1.3969451071497512,0.07608768574411297,-0.20908113349105611,0.0006375399333604718
1765410064.176932,-9.988203211890156,-0.03532840180158495,1.4004455218627994,0.07655499191591927,-0.21000190906646746,0.0005200277235063833
1765410064.179846,-9.987024725436683,-0.03780593901713965,1.403069892790885,0.07702211476772867,-0.21091799315979695,0.0004324569335142607
1765410064.182801,-9.985124595939233,-0.040092922907695075,1.4048552060129267,0.07749122025230654,-0.2118213816316763,0.0003734882271268928
1765410064.184939,-9.982536419215654,-0.04236423184018402,1.4058820784790036,0.07796547336170301,-0.2127035010850983,0.0003401626474998924
1765410064.187804,-9.979307717260292,-0.04476572728921986,1.406270194454129,0.07844861066790788,-0.2135555514658995,0.00032818433803122435
1765410064.191268,-9.975490860565035,-0.047398124104677954,1.4061715410889486,0.07894447110521001,-0.21436896327617014,0.00033230750579932723
1765410064.192798,-9.971134094166246,-0.05030535352879531,1.4057610661292408,0.07945652354636261,-0.2151359297763763,0.00034681182922833144
1765410064.194813,-9.966273404436743,-0.05346986486175793,1.4052245470001132,0.07998743974217974,-0.21584995562131154,0.0003660205945693598
1765410064.197802,-9.960926117992681,-0.05681562546668109,1.4047448595687815,0.08053876271216362,-0.21650634586977924,0.0003847873904671287
1765410064.198779,-9.95508729745022,-0.060217381748222755,1.4044892217884275,0.08111070612760053,-0.21710255950267643,0.0003988752359882289
1765410064.200816,-9.948729804058912,-0.06351334669063072,1.4046001131006143,0.08170209187903694,-0.2176383809050991,0.0004051812682557476
1765410064.20482,-9.941808383515005,-0.06651860435190927,1.4051913364625412,0.08231040544479085,-0.21811590891627355,0.00040180533272030317
1765410064.207794,-9.93426754548231,-0.0690378325644372,1.4063489184876836,0.08293193757806683,-0.2185393998479878,0.00038799732603463983
1765410064.209781,-9.926052535088978,-0.07087727724628427,1.4081352443823794,0.0835619879321407,-0.21891501103212072,0.0003640271005153243
1765410064.212218,-9.917122377826612,-0.07185622344503456,1.4105945085877574,0.08419511943283116,-0.21925047730517414,0.0003310048492614617
1765410064.212834,-9.907463772490008,-0.07181743920051895,1.4137580481649559,0.08482545693740129,-0.21955473006971976,0.0002906611169382665
1765410064.215818,-9.897104551161611,-0.07063512372164198,1.4176490128967445,0.08544701271300566,-0.21983745223835569,0.0002450948132651722
1765410064.219744,-9.886125574287066,-0.06821888869005271,1.4222867204701606,0.08605400105325926,-0.22010856003702148,0.00019651798927913675
1765410064.220805,-9.874670051440638,-0.06451364293380002,1.4276913067409533,0.08664109224416207,-0.22037761732821057,0.0001470499710997465
1765410064.224794,-9.862949050425152,-0.05949716158178059,1.4338884426556018,0.08720356380650557,-0.22065321709461264,9.861340482034008e-05
1765410064.227826,-9.851241575148943,-0.053178185120898495,1.4409125840136683,0.08773733068450253,-0.22094239413432742,5.294844201805435e-05
1765410064.22975,-9.839887725900436,-0.04559724189017786,1.4488068283871633,0.08823886480244592,-0.22125014372714577,1.1707840529860216e-05
1765410064.232902,-9.829274405859383,-0.03683042609912894,1.4576185151798167,0.08870503867436823,-0.2215791049891858,-2.3438412776954542e-05
1765410064.233402,-9.819814332365327,-0.026994451361540998,1.4673912980034238,0.08913294042959688,-0.2219294371862992,-5.075300309613166e-05
1765410064.237791,-9.811920093880552,-0.01625070630299272,1.4781552939146847,0.0895197074963633,-0.2222988953853439,-6.846006723936214e-05
1765410064.239827,-9.805975480714181,-0.004806926487574425,1.4899167578808985,0.08986241994677124,-0.22268310656453116,-7.483734957666093e-05
1765410064.242735,-9.802306485213514,0.007083614402508312,1.5026481173449826,0.09015808845221511,-0.22307603934331166,-6.834461421565958e-05
1765410064.244776,-9.801154316403133,0.019125097459982136,1.5162787582806052,0.09040376462159266,-0.2234706295576232,-4.7777946697295826e-05
1765410064.247814,-9.802652559715735,0.03098484293127904,1.5306870024112973,0.0905967879755351,-0.2238594808343842,-1.2459237286383365e-05
1765410064.249851,-9.806810431500944,0.042303302142915764,1.545694332761131,0.09073516145000161,-0.2242355343142262,3.753233424590524e-05
1765410064.252725,-9.81350398013247,0.05271010135817467,1.561063720662904,0.09081801884857751,-0.22459261128826638,0.00010110858883899962
1765410064.255018,-9.822476711628287,0.061846387721150954,1.5765040432374806,0.09084612038634386,-0.2249257724335042,0.00017595808683302562
1765410064.257843,-9.83335016709432,0.06939120712251526,1.5916816070919386,0.09082229513336994,-0.22523149288291303,0.00025844177553376415
1765410064.259779,-9.845643730156342,0.07508763122774756,1.6062382211683923,0.09075174734741331,-0.22550770247825,0.00034364906793508623
1765410064.262842,-9.858801921924153,0.07876418224326957,1.6198139122241402,0.09064215717305078,-0.22575376306261857,0.0004256183235637864
1765410064.264775,-9.872226833706971,0.08034884758618445,1.6320715561356278,0.09050353001813424,-0.22597044210702366,0.0004976843370381957
1765410064.267768,-9.885313100520527,0.079875342885713,1.6427203978393254,0.09034777711655526,-0.22615990880995845,0.0005529014430328572
1765410064.26974,-9.897482964446702,0.0774826168917991,1.6515358139333527,0.0901880402855261,-0.22632574600384509,0.0005845031739574752
1765410064.272847,-9.908219408118605,0.07340829525895494,1.6583737201745565,0.09003780871790559,-0.22647294935123555,0.0005863766266381228
1765410064.273347,-9.917095640865828,0.06797584855540605,1.663179154950703,0.08990991197756489,-0.2266078772333422,0.000553527979926607
1765410064.277799,-9.923799170702154,0.0615752543552262,1.6659891537770375,0.08981549914461856,-0.22673812297856807,0.00048249312174663726
1765410064.279798,-9.928148615094463,0.05463817334798692,1.666930053980256,0.08976311943067143,-0.2268723030783179,0.00037162947937944326
1765410064.28279,-9.930101746050033,0.047610168617115235,1.6662093211078068,0.08975800544821365,-0.22701977692864717,0.00022123731028712387
1765410064.283755,-9.929754103332353,0.04092302986442122,1.6641023238701944,0.08980163241449401,-0.22719032092787111,3.349897232359082e-05
1765410064.28581,-9.927328538070597,0.03496944756576839,1.6609351485221076,0.08989159205943481,-0.22739377459367355,-0.00018773209522204734
1765410064.289756,-9.923156900074249,0.030080853823691203,1.6570649816374485,0.09002178829597224,-0.22763967262139095,-0.0004372408097957833
1765410064.29278,-9.917655570577038,0.026508444982739115,1.6528594501297753,0.09018293698621402,-0.22793687778661575,-0.0007088179782997994
1765410064.294786,-9.911296733670333,0.024407877316326595,1.6486760012268251,0.09036332950752865,-0.2282932262388253,-0.0009956723439540243
1765410064.295779,-9.904577408637858,0.023829304282825307,1.6448426051389755,0.09054979505961908,-0.2287151888710727,-0.00129088625769782
1765410064.299752,-9.89798848499505,0.024715018374274606,1.6416417201365976,0.09072877299637977,-0.2292075533955303,-0.0015878995673758772
1765410064.302795,-9.891986139322341,0.026906181339827955,1.6392996781103601,0.09088739150719385,-0.2297731479757453,-0.0018809802453949656
1765410064.303295,-9.886967733117393,0.030158344422932075,1.6379826981425007,0.09101445010465097,-0.23041264764357303,-0.0021656275927590452
1765410064.307756,-9.883253587596501,0.034163783710520486,1.6377990205480346,0.09110122221808846,-0.231124512237185,-0.0024388638430445286
1765410064.309731,-9.881075288124267,0.0385779347210034,1.638805340873002,0.09114202341878,-0.2319050900304607,-0.0026993919392570556
1765410064.312787,-9.88057063445467,0.043047326056132436,1.6410154376158006,0.09113452056358713,-0.23274888868050703,-0.0029476146809805427
1765410064.314793,-9.881784929874046,0.047236761044441425,1.6444092810788622,0.09107978235570818,-0.233648980700678,-0.0031855180353185094
1765410064.317751,-9.884677968795181,0.050853738829977596,1.64894152428293,0.09098209077871687,-0.23459749010107053,-0.003416427049236532
1765410064.319835,-9.889135964275765,0.053668355078164,1.654549028179757,0.09084854416603953,-0.23558610231126684,-0.0036446525427149133
1765410064.321817,-9.894987593850395,0.055527265675759094,1.6611577167530542,0.09068848650735951,-0.23660654573160592,-0.0038750566148903955
1765410064.324775,-9.902022925338443,0.0563606724935008,1.6686890449497698,0.09051279792106091,-0.2376510099817319,-0.004112571504598661
1765410064.327804,-9.91001315602745,0.0561818019756214,1.677065610881858,0.09033308576866737,-0.23871249149857113,-0.0043617130807068255
1765410064.329757,-9.918728362494594,0.05507923251642465,1.6862146971203946,0.09016083041949526,-0.2397850776086547,-0.004626137738844948
1765410064.332756,-9.927950442252794,0.05320360515914316,1.6960686396260816,0.09000655824560222,-0.2408641792878171,-0.004908291452228764
1765410064.334818,-9.937479331390064,0.05075114762630002,1.7065618879991147,0.08987912102998742,-0.24194670191006168,-0.005209184333779712
1765410064.337823,-9.94713202357504,0.047946435356447756,1.7176255161438174,0.0897851463986803,-0.24303112279114547,-0.005528296343071933
1765410064.339796,-9.95673532749102,0.04502590274023051,1.7291800744389263,0.08972869569416209,-0.2441174419656475,-0.005863593805245528
1765410064.342849,-9.966114362886469,0.04222248843566231,1.7411274290146923,0.0897111386356932,-0.24520698642536093,-0.006211626761410421
1765410064.344875,-9.97507940420939,0.039751201426737166,1.753342328547489,0.08973123547523275,-0.24630206618493278,-0.006567686689281638
1765410064.347852,-9.983413786139879,0.03779562769156143,1.7656648839008666,0.08978540375142458,-0.24740549756497732,-0.006926022742056347
1765410064.349843,-9.990865312127413,0.036496248652434324,1.7778955784934853,0.08986813313357486,-0.24852002377737287,-0.007280125963044052
1765410064.352753,-9.997143223625232,0.03594220619333577,1.7897947366291846,0.08997250013601434,-0.24964767394297901,-0.00762308045298582
1765410064.354839,-10.001922340721721,0.03616789306024454,1.8010883238683397,0.09009072996373832,-0.2507891136257395,-0.007947950588492193
1765410064.357768,-10.004855208536924,0.03715421478555427,1.8114809860796135,0.09021475687455434,-0.2519430576996769,-0.00824815125984685
1765410064.359736,-10.0055918001037,0.03883262347763689,1.8206753324765954,0.0903367462184765,-0.2531058290211296,-0.00851776157069074
1765410064.362772,-10.003804829142181,0.04108966839623327,1.8283946425971016,0.09044955830830152,-0.2542711347758054,-0.008751785905466719
1765410064.36381,-9.999217705074676,0.04377134914702166,1.8344056739043124,0.09054714750083762,-0.2554300938363945,-0.00894640203160686
1765410064.366856,-9.9916320902365,0.046688669209361086,1.8385392956056812,0.09062488935593899,-0.25657150140757307,-0.0090992294343088
1765410064.369825,-9.98095259538112,0.04962642445242055,1.8407081359580384,0.09067981891728062,-0.2576822861000837,-0.00920960367556831
1765410064.372833,-9.967206661736858,0.05235572139475837,1.840920919882081,0.09071076081423068,-0.25874811375253265,-0.009278794335380331
1765410064.374829,-9.950557821152898,0.05464846607656954,1.839292495483049,0.09071834591243343,-0.25975411181008107,-0.009310098627649189
1765410064.377816,-9.931310498959034,0.05629119959740378,1.8360476689030256,0.09070493115117145,-0.26068569817901066,-0.00930878291696164
1765410064.379808,-9.909904644039893,0.057096800752091795,1.8315168408724447,0.09067445304001455,-0.2615294822340986,-0.00928189136628178
1765410064.382844,-9.886899113485008,0.05691447782532886,1.8261223651648881,0.09063224135947294,-0.26227417711400336,-0.009237957504037204
1765410064.384945,-9.862944182486872,0.055639343241818774,1.820356233711697,0.0905848019289552,-0.26291144417250883,-0.009186637247391454
1765410064.387874,-9.83874545588805,0.0532218987228546,1.8147513482178534,0.09053956041943696,-0.2634365904703082,-0.00913825687341673
1765410064.389818,-9.815022951199126,0.049675739983306495,1.8098494499061673,0.0905045551595007,-0.2638490576333955,-0.009103268331758521
1765410064.390855,-9.792469620694762,0.045080481981753226,1.8061686349291879,0.09048807704241663,-0.264152671452891,-0.009091638479289815
1765410064.394845,-9.77171316472844,0.03957757009778443,1.8041728127109058,0.09049827333249039,-0.26435565144895107,-0.009112244851342682
1765410064.395817,-9.753284012660934,0.03335892709873911,1.8042449247875287,0.09054275062541886,-0.264470389468243,-0.009172367951914335
1765410064.399833,-9.73759117948967,0.026650683285215672,1.8066653833238477,0.0906282197848082,-0.26451299773147313,-0.009277340674157699
1765410064.401813,-9.724906784532207,0.019695122559026827,1.8115970663095056,0.09076021620424972,-0.26450262302386757,-0.009430361506456783
1765410064.404806,-9.715359597415693,0.012733274280792649,1.8190781646773417,0.09094290747060772,-0.2644605404358585,-0.009632438659408335
1765410064.407841,-9.708937768310863,0.005989216421799931,1.8290237342424522,0.09117898117922343,-0.26440906732286257,-0.009882427418193994
1765410064.409758,-9.7055004069832,-0.000343778718638883,1.8412357208816788,0.09146959895367292,-0.2643703595062705,-0.01017714320253071
1765410064.412805,-9.704796886406777,-0.006115147765540269,1.8554200268524943,0.09181440750748603,-0.26436516460567766,-0.010511555014141279
1765410064.41477,-9.706492094385407,-0.01122625142543431,1.871208621027591,0.09221160463674,-0.2644116149639396,-0.01087907155439168
1765410064.417803,-9.710195548084673,-0.01563556743372378,1.8881848217334614,0.09265806092361435,-0.26452414190470336,-0.011271920928226662
1765410064.419795,-9.715492131580927,-0.019358596905637744,1.9059101042721622,0.09314949627467713,-0.26471258475378495,-0.011681601112483384
1765410064.422757,-9.721972092464409,-0.02246208478205997,1.9239506648275675,0.09368070439889398,-0.2649815623322719,-0.012099357879316474
1765410064.423827,-9.729257940254097,-0.02505333579223082,1.941901607572558,0.0942458084454993,-0.26533017124297137,-0.012516643794758642
1765410064.427824,-9.737026057652702,-0.02726625482017613,1.9594064237933644,0.09483852344379654,-0.2657520554263446,-0.012925525273353364
1765410064.429807,-9.745021180017877,-0.02924590683560199,1.9761698870608628,0.09545240263226801,-0.26623584668544403,-0.01331902217752452
1765410064.432841,-9.753062683623208,-0.031132917386656186,1.9919638789278749,0.09608105131824486,-0.266765926782483,-0.01369137661169515
1765410064.434797,-9.76104293029979,-0.03304833750418407,2.0066274448251566,0.09671829470263538,-0.2673234337558951,-0.01403824837923762
1765410064.437801,-9.768919084539261,-0.03507937350828101,2.0200632197648214,0.097358286463904,-0.2678874335740155,-0.014356820674636523
1765410064.439789,-9.776700148663597,-0.03726700340724435,2.032231629889434,0.09799555164935911,-0.2684361923588042,-0.014645783057817417
1765410064.442842,-9.784430745949027,-0.03959737510768441,2.0431430974460123,0.09862497269698638,-0.2689484970478415,-0.014905165226962218
1765410064.444806,-9.792173135311927,-0.041998883769360354,2.052848238452448,0.09924174372245467,-0.2694049679840549,-0.015136033284632327
1765410064.447798,-9.799989025243297,-0.04434552920681361,2.0614265410186356,0.09984132479364709,-0.26978928714898803,-0.015340105639374728
1765410064.449802,-9.807922560530045,-0.04646535251994612,2.0689742792178367,0.10041941838883257,-0.2700892509580796,-0.015519364412581574
1765410064.452757,-9.815985578874873,-0.048151743694206973,2.0755924046857066,0.10097196962385642,-0.270297562531545,-0.01567571857991336
1765410064.454748,-9.824146279036139,-0.049175879957174234,2.081375318097289,0.10149517311770775,-0.2704123008259207,-0.015810736487075157
1765410064.457788,-9.832322605377634,-0.04929995725577478,2.086401603252185,0.10198546152234873,-0.2704370300601138,-0.015925441139878434
1765410064.459788,-9.840381483483597,-0.04829186829462495,2.090727720898839,0.10243945622872598,-0.27038053734696904,-0.016020168116992334
1765410064.462797,-9.84814448788728,-0.04594162066840386,2.094385551018737,0.10285387925281728,-0.27025621164334407,-0.01609450703619565
1765410064.464819,-9.855399742895369,-0.04207843226764786,2.0973846485245105,0.10322545001117465,-0.2700811035343159,-0.01614735438579324
1765410064.467779,-9.861918881444728,-0.03658636813654444,2.0997196121702397,0.10355080810812027,-0.26987473097666453,-0.016177086203886422
1765410064.46978,-9.86747686456214,-0.029416547452684644,2.101381742747057,0.10382650480739056,-0.2696577225367724,-0.016181825208235624
1765410064.472843,-9.871871865144724,-0.020595108986673567,2.1023727940599537,0.10404909341754011,-0.26945041804932207,-0.01615975156324194
1765410064.474839,-9.874942612571644,-0.010227208732298251,2.102717967598973,0.1042153278524179,-0.2692715667632581,-0.016109406902551943
1765410064.47786,-9.876581335444925,0.0015024247043538559,2.102475498918407,0.1043224554783273,-0.2691372579732967,-0.01602996422009224
1765410064.47886,-9.876741149445168,0.014332308840381211,2.101740819120569,0.10436857301446217,-0.2690601836283783,-0.015921460293175354
1765410064.482868,-9.875437297527311,0.027930934089632015,2.1006442678999906,0.1043530053449281,-0.26904927766718245,-0.015784995081564692
1765410064.484859,-9.872742418853349,0.041908225327015526,2.0993427884895133,0.10427666119391693,-0.26910971872995293,-0.015622893983431233
1765410064.487845,-9.868777027009644,0.0558322854239504,2.098007454493406,0.10414231431122414,-0.26924323497134506,-0.015438813150173562
1765410064.488345,-9.863697144629908,0.06925107187839076,2.0968093440948996,0.10395476018591963,-0.26944862137142545,-0.015237756269758583
1765410064.492885,-9.857681237468066,0.08171747189714934,2.095906168499969,0.10372081140142064,-0.26972237154466544,-0.01502597401812913
1765410064.493846,-9.850918248273985,0.09281537653744101,2.095431598989767,0.10344911710499186,-0.27005933171540414,-0.014810738290962955
1765410064.497806,-9.843597842208213,0.10218432114964153,2.095488616949941,0.10314981661003637,-0.2704533024620066,-0.01460001363575427
1765410064.49985,-9.835903289041827,0.1095410194121875,2.0961475706182817,0.10283405625704217,-0.27089754362028845,-0.014402070741454049
1765410064.502758,-9.828007035100358,0.11469690769039272,2.0974491010166347,0.10251340953612814,-0.27138517065719814,-0.014225086103706583
1765410064.504865,-9.820068817907417,0.1175707449650749,2.0994114389637066,0.10219924773246852,-0.27190945465484423,-0.01407675074543348
1765410064.505844,-9.812235799425846,0.11819447396845609,2.1020405213773983,0.10190211651814152,-0.2724640472338076,-0.01396389425730065
1765410064.509811,-9.804643741486743,0.11671016748548287,2.1053404721887046,0.10163118050695849,-0.2730431472251973,-0.013892139338890554
1765410064.512798,-9.797418152798318,0.1133569828966137,2.1093220634535683,0.10139379673795837,-0.2736416131549247,-0.013865624425358445
1765410064.514856,-9.79067470386313,0.10844928513598133,2.1140077680673186,0.10119526517394137,-0.2742550147946747,-0.013886837104571977
1765410064.515842,-9.78451870637318,0.10234914683967293,2.1194331124888968,0.10103877946697168,-0.27487961666404354,-0.013956577585091202
1765410064.519793,-9.779043757539892,0.09543719866520933,2.1256446306467494,0.10092556953650143,-0.2755122961366535,-0.01407403772573453
1765410064.522751,-9.774329685993099,0.08808520547611103,2.132694839291799,0.10085519792298485,-0.27615041168355764,-0.014236962191602276
1765410064.524775,-9.770439813104659,0.08063258985665007,2.1406346032603687,0.10082595271502326,-0.2767916454997257,-0.014441862769355381
1765410064.527822,-9.767417407349999,0.07336826692170373,2.1495032565399455,0.10083527444657077,-0.2774338451618333,-0.014684272609914586
1765410064.529849,-9.765281247192313,0.06651880134164058,2.1593171090820147,0.10088016035693292,-0.27807488095539384,-0.014959035020482635
1765410064.531886,-9.764020627014585,0.06024365230189263,2.170057725421063,0.10095750134475831,-0.2787125242268124,-0.015260612924534813
1765410064.534889,-9.763590873896877,0.05463763427970314,2.181662327525418,0.10106432030680518,-0.27934434717800977,-0.015583388192409658
1765410064.537855,-9.763910952949924,0.04973954177032814,2.1940188620037717,0.10119789505249906,-0.2799676520141308,-0.015921909940040748
1765410064.53984,-9.764864442112017,0.04554454809245684,2.206966985837943,0.10135576804090886,-0.28057945047030003,-0.01627105717790582
1765410064.542849,-9.766304118551863,0.0420172395724295,2.220304193195491,0.10153566900687135,-0.2811765177598768,-0.016626103366227985
1765410064.544854,-9.768059369892823,0.039102626989837824,2.233795153749895,0.1017353953654903,-0.28175552871722676,-0.01698270056029474
1765410064.545767,-9.7699452967361,0.03673414562595715,2.2471827956014083,0.10195269573325284,-0.282313255810338,-0.017336824054003098
1765410064.54984,-9.771772675178793,0.03483952548486197,2.2602008588229854,0.10218518301631252,-0.28284678922309475,-0.01768471723019522
1765410064.552844,-9.773358376096887,0.033346107259015295,2.27258824955744,0.10243028000634972,-0.28335374486945136,-0.01802284822777353
1765410064.554818,-9.774535959767642,0.0321861822579881,2.2841051013447693,0.10268518788695104,-0.28383245072595004,-0.018347859558392656
1765410064.557889,-9.775165908520643,0.03130128080796733,2.2945494465615357,0.10294687073597111,-0.28428212044724327,-0.018656490441723714
1765410064.559842,-9.775144604906963,0.03064369095363424,2.30377253392229,0.10321206076451109,-0.2847030215025852,-0.018945483134071364
1765410064.562826,-9.774411148626665,0.030174504470327154,2.311690694364846,0.10347729844709708,-0.2850966330557825,-0.019211519798259035
1765410064.564854,-9.772951586243547,0.029859267037168312,2.318292381328001,0.1037390188062352,-0.28546577975513154,-0.01945124432722896
1765410064.56784,-9.770800693309738,0.029663430122351668,2.3236400473434604,0.10399367867846662,-0.28581472048829487,-0.019661398428025854
1765410064.569798,-9.768041578601396,0.029549542039163417,2.327867147670501,0.10423789972433013,-0.2861491650958516,-0.019839061659557924
1765410064.570894,-9.7648031126609,0.029476813927299388,2.33117063693822,0.10446859136943794,-0.286476197788301,-0.01998195445746337
1765410064.574862,-9.761254945790895,0.029402275574395485,2.333799223224409,0.10468302453131967,-0.28680410764061315,-0.020088753282282906
1765410064.577847,-9.757599786325992,0.029282009198554265,2.336037599841541,0.10487885155739668,-0.28714214791408477,-0.020159373825109305
1765410064.579802,-9.754062496019372,0.02907124574172652,2.3381868806102575,0.10505410226903042,-0.287500249408985,-0.020195190428981498
1765410064.58294,-9.75087563917175,0.028723218633461178,2.340541760042056,0.10520721230089798,-0.28788869945573337,-0.02019916900831211
1765410064.583844,-9.748261843132495,0.02818785484194908,2.3433658502894836,0.10533713964766458,-0.28831778048126966,-0.02017589347030811
1765410064.588084,-9.746414518492537,0.027411697539370304,2.3468678879618325,0.10544359610639985,-0.2887973516881022,-0.020131464929286243
1765410064.588584,-9.745479358210337,0.026339597812399074,2.3511821698776063,0.10552737836077608,-0.2893363619040944,-0.02007325945737538
1765410064.592832,-9.745539116200733,0.024917504544059686,2.356356234751269,0.10559074872657609,-0.28994230346248523,-0.020009553520199327
1765410064.594853,-9.746603622184528,0.023095294459289692,2.362347700821852,0.10563779808466786,-0.290620647915095,-0.019949060352641417
1765410064.595843,-9.74860608021317,0.020829302647171036,2.369030582513546,0.10567472171881237,-0.2913743294571955,-0.019900442946572464
1765410064.599847,-9.751405619966667,0.018085165840006388,2.376209648932598,0.10570994504502525,-0.2922033496819185,-0.019871862535522047
1765410064.602785,-9.754795233877328,0.014841675881932656,2.383640149695684,0.10575404661259737,-0.29310456458819556,-0.019870591113426615
1765410064.604787,-9.758514033395532,0.011095353522491351,2.3910501404253472,0.1058194459311316,-0.2940716854250896,-0.019902687098665134
1765410064.607824,-9.762263075933596,0.006864308491521124,2.3981634543704886,0.10591985837852273,-0.2950954879392885,-0.019972726693479857
1765410064.60982,-9.76572434426846,0.0021897455837645197,2.404722169682174,0.10606955900349976,-0.2961641934065502,-0.02008359974754437
1765410064.612829,-9.768582417047295,-0.002865620119443877,2.41050755747767,0.10628252615113092,-0.2972639711077902,-0.02023639724704571
1765410064.614835,-9.770547849669168,-0.008221702906236266,2.4153581148909566,0.10657155066309824,-0.29837951313061406,-0.02043041866795843
1765410064.616831,-9.771380415425794,-0.01378631151348698,2.4191830430288497,0.10694740035125028,-0.2994946338997585,-0.020663310459771468
1765410064.619814,-9.770909586153474,-0.019459851595661184,2.421969936916993,0.10741812083610314,-0.3005928439897365,-0.020931322306101983
1765410064.620817,-9.769049583662127,-0.0251381358578432,2.4237864475544,0.10798853101053799,-0.30165785468351025,-0.021229644026372476
1765410064.624826,-9.76580719128598,-0.030712822093593436,2.424776604930783,0.10865994136641363,-0.30267399741550816,-0.0215527702591541
1765410064.627821,-9.761281761666302,-0.03606995669664359,2.425152742628498,0.10943009553886174,-0.30362657852371655,-0.021894841517342868
1765410064.629772,-9.755657912842517,-0.04108758565182894,2.4251837441745283,0.11029331298562141,-0.30450221050147386,-0.02224993084872723
1765410064.632791,-9.749192231122834,-0.04563314132439241,2.4251804446248064,0.11124079331147763,-0.30528915494907116,-0.0226122718803219
1765410064.634836,-9.742196019251791,-0.049560807160576016,2.4254796651550485,0.11226103121244263,-0.3059776883424414,-0.022976436523856423
1765410064.635791,-9.7350164318258,-0.05270918908922926,2.4264286872955414,0.11334028798610643,-0.3065604765926531,-0.023337461828242034
1765410064.639808,-9.728017850959198,-0.054900622361559404,2.4283713154746582,0.11446307248678884,-0.3070329313595641,-0.023690910485792593
1765410064.640804,-9.721564344279907,-0.055944402216805904,2.431635565019397,0.11561259866998397,-0.30739352172844575,-0.024032850841322888
1765410064.64488,-9.716003175622852,-0.055645944439902784,2.436522377989081,0.11677120369334303,-0.3076440182133476,-0.024359764217778697
1765410064.647769,-9.711648921845846,-0.053822111928546586,2.443294776881046,0.11792072796206605,-0.3077896417050743,-0.02466841288115212
1765410064.649838,-9.708767759172618,-0.05032060969923974,2.4521671804354948,0.1190428766139152,-0.30783908260886983,-0.024955713621045875
1765410064.653588,-9.70756191732939,-0.045039789541680295,2.463295034074977,0.12011959596165926,-0.30780436021997154,-0.025218656013333864
1765410064.65482,-9.708155052883738,-0.03794523874233771,2.476765228376594,0.1211334985575719,-0.30770051517792896,-0.025454287201707847
1765410064.657859,-9.710579955178476,-0.029080890540870367,2.4925877087431654,0.12206835366425532,-0.30754515393428405,-0.025659766319770964
1765410064.659821,-9.71477024157988,-0.018573982483293366,2.5106884967907366,0.12290963566265375,-0.3073578722375873,-0.025832480729149756
1765410064.662921,-9.720557692421448,-0.006634045546654452,2.530904812830362,0.1236451023295566,-0.3071595713246263,-0.025970215561282334
1765410064.664915,-9.727676884391368,0.006453850336436658,2.55298411425492,0.12426535922698782,-0.30697166446240565,-0.02607137066543021
1765410064.667873,-9.735778476948049,0.020341537065374116,2.5765893814745673,0.12476435305866541,-0.3068151737227752,-0.02613521507024318
1765410064.669854,-9.744451272523467,0.03463556618956932,2.60131180035715,0.12513972938140117,-0.306709743294831,-0.026162155351332806
1765410064.671914,-9.753251103711879,0.048919263850825026,2.6266896780377653,0.12539299570013301,-0.30667263462496325,-0.02615397932789152
1765410064.674892,-9.761732669404669,0.06277692716455127,2.652230620680093,0.125529450741853,-0.30671779949386163,-0.026114035176333737
1765410064.675966,-9.769479607024156,0.07581771254674133,2.6774337001219948,0.1255578684269556,-0.3068551347084663,-0.026047323535243663
1765410064.679894,-9.776128580956254,0.08769731405656418,2.7018092304880486,0.12548995500997923,-0.3070900066761973,-0.025960500377812525
1765410064.682927,-9.781384575372119,0.0981364705411475,2.7248948889205264,0.1253396265313124,-0.3074231038996911,-0.02586178897243344
1765410064.684864,-9.785026363353706,0.10693585056980644,2.7462676473882186,0.12512217568796655,-0.30785063292212,-0.025760779942034056
1765410064.68789,-9.786902936004136,0.11398665285894657,2.765551512711192,0.12485340757786226,-0.3083648191597781,-0.02566808400327651
1765410064.68988,-9.786923231168197,0.11927580586075928,2.782421735140124,0.1245488225538264,-0.3089546215672134,-0.02559481633323233
1765410064.692889,-9.785042446793462,0.12288467581836787,2.7966068231842494,0.12422291336045059,-0.3096065402237458,-0.025551936555116863
1765410064.695853,-9.78124835754691,0.12498099604355341,2.807890090488191,0.1238886233604865,-0.3103053986055148,-0.025549522627102375
1765410064.697876,-9.775550485919617,0.12580494392967356,2.8161124345881663,0.12355698590645366,-0.31103501364159053,-0.025596089229761497
1765410064.699857,-9.767973957806566,0.12565120664475432,2.8211775434105792,0.12323693833398645,-0.3117787177801709,-0.025698052318889143
1765410064.702794,-9.758558665751519,0.124849004005771,2.8230597666915185,0.122935285420691,-0.3125197532201796,-0.025859397797827498
1765410064.703862,-9.747363256542046,0.12374142490931116,2.8218137562127454,0.12265678283413387,-0.3132415987537934,-0.02608155871283204
1765410064.707811,-9.734472635113658,0.12266459213353761,2.8175840409947743,0.12240431960812063,-0.31392830068021804,-0.02636346793094589
1765410064.709883,-9.720007166050628,0.12192676522759509,2.8106122085733127,0.12217918789618412,-0.3145648610999596,-0.026701744221226252
1765410064.712846,-9.70413154164723,0.12178790102994516,2.8012394052571636,0.12198142658001748,-0.3151376998407787,-0.027090981163422415
1765410064.714845,-9.687061382660602,0.12244119844767533,2.7899024410543922,0.1218102125542409,-0.3156351639037707,-0.027524121884720823
1765410064.717841,-9.669066128084308,0.12399908087088266,2.7771229134028657,0.12166425740413918,-0.31604802166843066,-0.027992906062448742
1765410064.719825,-9.65046762808722,0.12648619595463648,2.76349024667853,0.12154215700525837,-0.31636986048043736,-0.028488366499705573
1765410064.72277,-9.631634630805696,0.12984099022405154,2.7496404954180966,0.12144264488585803,-0.31659732194125506,-0.029001335840059702
1765410064.724771,-9.612973529170874,0.13392560355173164,2.7362323751835596,0.12136471746949144,-0.31673015810632854,-0.02952291483459768
1765410064.727852,-9.594915514594339,0.13854221101962738,2.7239209464978806,0.12130762332527031,-0.3167711402147663,-0.030044866670394705
1765410064.728352,-9.577900447710498,0.14345336909402684,2.7133292697511084,0.12127073164822044,-0.3167258648798109,-0.030559929664236957
1765410064.732835,-9.56235860472995,0.1484043365993541,2.705019595021988,0.121253311574374,-0.31660248318797835,-0.031062058380165
1765410064.734827,-9.548692397090965,0.1531458690774244,2.699467055216674,0.12125425965212676,-0.316411354321686,-0.03154659776619706
1765410064.737828,-9.53726035305377,0.15745587035775818,2.697039061537601,0.12127181178534507,-0.316164618090913,-0.03201037606827904
1765410064.739815,-9.528364870441564,0.16115766719253646,2.6979824267949084,0.12130327659820202,-0.3158756927338247,-0.03245169068843872
1765410064.742812,-9.522244095002502,0.1641324305648365,2.7024184899007846,0.12134482804428845,-0.31555872487429826,-0.03287017115072585
1765410064.74477,-9.51906749316762,0.16632406302195138,2.7103451872539535,0.12139138746384995,-0.3152280310120109,-0.03326653063543954
1765410064.747827,-9.518934438952854,0.16773646804242714,2.7216445421805577,0.12143660925013999,-0.31489756580704464,-0.033642243721897634
1765410064.74987,-9.521875124183948,0.16842467568424904,2.7360942447458663,0.12147296857889697,-0.3145804395138837,-0.03399919995831372
1765410064.752825,-9.527853076342259,0.1684820923596095,2.7533823547693483,0.12149193961794742,-0.31428849950624105,-0.03433938029414057
1765410064.754819,-9.536768445001691,0.16802592717151363,2.77312410275193,0.1214842497796531,-0.31403199558960593,-0.03466458980640166
1765410064.755859,-9.548461080894022,0.1671819154856502,2.794879281927845,0.12144020226749797,-0.31381935896308183,-0.03497626081458699
1765410064.759865,-9.56271262784691,0.16606853843822456,2.818168682900012,0.12135007292393124,-0.3136571243982506,-0.035275326494521975
1765410064.762805,-9.579247621679079,0.16478077198655486,2.8424890385654953,0.12120459686520405,-0.31355000546504774,-0.03556216562983855
1765410064.764766,-9.597734519289746,0.16337418116660576,2.867327202442566,0.12099555459638661,-0.3135011034321559,-0.03583662873388867
1765410064.767865,-9.617787928986862,0.1618513111809981,2.8921744284131328,0.12071644520912714,-0.31351220973038574,-0.03609815807190546
1765410064.769812,-9.63897301193307,0.16015286255479044,2.916540690342609,0.12036320493484823,-0.31358415591701594,-0.036345999405968
1765410064.772824,-9.66081271709382,0.15815555411628754,2.9399683322706074,0.11993490600654051,-0.3137171669478379,-0.03657947866750301
1765410064.774931,-9.682798543760073,0.15567725805657964,2.9620447065963527,0.11943436200751913,-0.31391117583325623,-0.03679829915356832
1765410064.776928,-9.704405466594846,0.1524888394400456,2.982414086072601,0.11886857069950546,-0.31416606103809214,-0.0370028144888933
1765410064.780026,-9.72511098360854,0.14833168353084128,3.0007890521610503,0.11824893766672874,-0.3144817781888182,-0.03719424356644722
1765410064.782846,-9.744417088660656,0.1429398791423369,3.0169608871142413,0.11759123768928698,-0.3148583763729848,-0.03737480300298876
1765410064.78488,-9.761872964563311,0.13606577769349382,3.0308080252724157,0.11691528160155443,-0.31529591003816326,-0.037547736138427795
1765410064.787817,-9.777095808461402,0.12750678526554116,3.042301583732111,0.11624426869418453,-0.3157942759223465,-0.03771722209455814
1765410064.789836,-9.789787464378925,0.11713007031733083,3.051506970617946,0.11560383049241835,-0.3163530239350467,-0.03788816232292257
1765410064.792794,-9.799745270890996,0.10489127436809233,3.0585804583748395,0.11502081639839333,-0.3169712071454364,-0.038065867577018096
1765410064.794878,-9.806866483120318,0.09084412577953443,3.063759845505123,0.11452192291112996,-0.3176473308776603,-0.03825569765098773
1765410064.797867,-9.811146457661046,0.0751400366702091,3.067349087252172,0.11413230325188191,-0.31837942661992746,-0.03846272325352848
1765410064.799828,-9.81267130315582,0.058019234713764134,3.0696977141180084,0.11387429634309834,-0.3191652309080602,-0.03869146898450931
1765410064.800898,-9.811606025586245,0.03979638771338938,3.071176661953684,0.1137663825591006,-0.32000241646744376,-0.03894575921311767
1765410064.804889,-9.808179471648453,0.020843469513696807,3.0721526645135624,0.11382242331005232,-0.3208888126819186,-0.03922864656420478
1765410064.807872,-9.802667438429125,0.0015714992990920375,3.0729633737942783,0.11405119251901294,-0.32182256214794086,-0.03954238369351916
1765410064.809886,-9.795374995047995,-0.017587994450426733,3.0738948041945213,0.11445617506034182,-0.32280217927850485,-0.039888410206135545
1765410064.812843,-9.786618569697445,-0.03620082201064198,3.075162098032478,0.11503559393204842,-0.32382649322421597,-0.040267346387272425
1765410064.814879,-9.776708146982386,-0.05384585966687373,3.076894689996972,0.11578262653988688,-0.3248944682812856,-0.04067898989651979
1765410064.817838,-9.76593010752245,-0.07012728494790678,3.0791274899240286,0.11668576943762193,-0.32600491047867,-0.04112230121803827
1765410064.819891,-9.754531446458337,-0.08468287242787115,3.081799593575618,0.11772930904635268,-0.32715609683163305,-0.04159535577376978
1765410064.822875,-9.742706034329364,-0.09718924802490651,3.084760724931475,0.11889386368580238,-0.32834539605571184,-0.04209524674825806
1765410064.824863,-9.730583490593887,-0.10736593646129645,3.087784051693571,0.12015698383312194,-0.32956896515594497,-0.042617943220600245
1765410064.827808,-9.718221509238786,-0.11497993193243862,3.0905835144229505,0.12149382038926419,-0.33082158527999933,-0.04315813553067776
1765410064.829854,-9.705602931443785,-0.11985143004892324,3.0928344288856304,0.12287787772330969,-0.3320966461375991,-0.04370911928943778
1765410064.832854,-9.6926389956217,-0.12186000610615605,3.0941968634358505,0.12428185243021457,-0.33338623473999396,-0.044262768984553565
1765410064.83487,-9.679179864458652,-0.12094976113006721,3.0943415182721754,0.1256785271547272,-0.3346812653238732,-0.044809633247615194
1765410064.83692,-9.665032888614727,-0.11713218293944748,3.0929775975115184,0.1270416587095255,-0.335971605563784,-0.045339158385032656
1765410064.839859,-9.649988148247102,-0.1104863880450074,3.089881617097577,0.12834678708434596,-0.3372461867605759,-0.045840027651634856
1765410064.842871,-9.63384965639016,-0.10115724703956185,3.084925410161168,0.12957190036894145,-0.3384931118074986,-0.04630059795210072
1765410064.843371,-9.616469492385216,-0.08935206109152753,3.0781011032045487,0.13069791327838823,-0.33969978806930934,-0.046709417952581433
1765410064.846854,-9.597781337068213,-0.07533604380814143,3.0695406445894435,0.13170894540269176,-0.3408531166338099,-0.04705580862474532
1765410064.849845,-9.577829496342735,-0.05942643190786188,3.059527394416882,0.13259241223312832,-0.3419397695589625,-0.047330472633923065
1765410064.852815,-9.556789588754276,-0.041985074058480246,3.0484973662714885,0.13333896312943075,-0.34294658352762175,-0.04752607988299553
1765410064.854885,-9.534977731225906,-0.0234098626235269,3.0370282712886327,0.13394231665434644,-0.34386108934687826,-0.04763776714991315
1765410064.857854,-9.512846257410642,-0.004125900094567716,3.025815684155217,0.13439905654399445,-0.3446721780328061,-0.047663501502209646
1765410064.859831,-9.49096550052926,0.015422807981686026,3.0156371151271486,0.13470845681270596,-0.34537087311521014,-0.04760428775893463
1765410064.860857,-9.469992652788576,0.03478122687532522,3.007306131071633,0.1348723954770169,-0.34595114055433296,-0.04746423084527724
1765410064.864872,-9.450630039915026,0.053491929495592935,3.001619877783264,0.1348953903099422,-0.34641063601663336,-0.04725047412622011
1765410064.867868,-9.433576326360466,0.07110615697926287,2.9993044878646185,0.13478475002214915,-0.3467512785845017,-0.04697302157758906
1765410064.869843,-9.41947507069377,0.08719831578109073,3.000963511140912,0.13455079039780748,-0.3469795592969348,-0.0466444314929305
1765410064.872789,-9.408865442687565,0.10138345862072838,3.007034060290875,0.13420703203757214,-0.3471065377996584,-0.046279364735914194
1765410064.874875,-9.402139676328128,0.11333588312877396,3.0177539071403894,0.13377028535406102,-0.3471475262986459,-0.04589399069277862
1765410064.875861,-9.399511008399864,0.12280637936829865,3.0331411586048858,0.13326053957671471,-0.34712148061619497,-0.04550528716393756
1765410064.879898,-9.400994607029007,0.12963596910485334,3.0529871171976124,0.1327005982329401,-0.34705011556523835,-0.04513029528061968
1765410064.882833,-9.40640264923888,0.13376475012893715,3.076862503092347,0.13211543658731162,-0.3469567637047155,-0.044785395460113855
1765410064.884824,-9.4153535751896,0.13523516895363694,3.1041369575072637,0.13153129419703094,-0.34686502174466627,-0.04448565844210304
1765410064.887863,-9.427294693072179,0.13418945788049852,3.1340113042005675,0.13097455643917846,-0.3467972698110616,-0.04424430623796793
1765410064.889864,-9.441536579273851,0.13086118408914993,3.1655613210987315,0.13047051603555104,-0.34677318672138363,-0.04407230013124586
1765410064.892855,-9.45729693965941,0.12556119923209222,3.197790810474151,0.13004212889409023,-0.3468084083935664,-0.0439780619093203
1765410064.894822,-9.473750687921413,0.11865906019287639,3.2296906014943643,0.12970888022226876,-0.34691348129429456,-0.043967329692288004
1765410064.897847,-9.490082078476743,0.11056210068998557,3.2602989552568378,0.12948585589420794,-0.34709324028591576,-0.04404314382530585
1765410064.899857,-9.505534206377437,0.10169505277064027,3.2887581683209404,0.1293830775326908,-0.34734668597576007,-0.044205943966843256
1765410064.902851,-9.519451454740626,0.09248265503155478,3.314362486982167,0.12940512063021123,-0.34766736211021537,-0.04445373879075282
1765410064.904812,-9.531311460861673,0.08333605223687025,3.3365936236200553,0.12955100480120293,-0.3480441625544508,-0.04478229950418807
1765410064.907826,-9.540744431979292,0.07464199825110492,3.3551415475626376,0.129814328196324,-0.34846245167732565,-0.045185340986361865
1765410064.9098,-9.54753892992364,0.06675309273198243,3.36990949581463,0.1301836138831361,-0.34890536868858507,-0.04565468591529547
1765410064.912909,-9.55163463008322,0.059977861032172654,3.3810035936886016,0.13064284290859662,-0.34935519451008523,-0.0461804378199099
1765410064.914857,-9.553103937131581,0.054570796898940566,3.3887091766957713,0.13117215986881844,-0.349794671189186,-0.046751200328949395
1765410064.917873,-9.55212535912272,0.05072354885195099,3.3934573544456086,0.13174874024537042,-0.3502081741499745,-0.047354368621344664
1765410064.919892,-9.548952026718275,0.04855858070518513,3.3957859441941514,0.13234779929886245,-0.3505826587267221,-0.04797649440166542
1765410064.922794,-9.543878777381343,0.04812585466218815,3.3962984236330804,0.13294370678426254,-0.3509083415055947,-0.0486037028381107
1765410064.924804,-9.537210928691845,0.04940201387773108,3.3956234104974947,0.13351115886426684,-0.3511791184480112,-0.04922213358873132
1765410064.92789,-9.529237340869845,0.052291083130054046,3.3943762064409544,0.13402635118851783,-0.3513927411811897,-0.04981838990567842
1765410064.929817,-9.520209690976074,0.056626281825706046,3.3931236903269966,0.13446809528817671,-0.35155076737753127,-0.050379992596994855
1765410064.930838,-9.510329071395061,0.06217365626868179,3.392354035866644,0.1348188229720911,-0.35165829232733486,-0.050895831087347215
1765410064.934825,-9.499740140619389,0.06863885529065071,3.3924527819520836,0.13506542758675602,-0.35172347225874556,-0.05135658337445776
1765410064.935853,-9.488532275187882,0.07567783896846286,3.39368661120989,0.1351998969436956,-0.3517568599009934,-0.0517550583254539
1765410064.939812,-9.476746684886896,0.08291095869116319,3.3961960163143874,0.1352197026535812,-0.35177058103775266,-0.05208641532707667
1765410064.942859,-9.46438824313471,0.08993870628448657,3.3999976689506304,0.13512792334251367,-0.3517773915232502,-0.05234824290726185
1765410064.944829,-9.45144060527614,0.09635731015395799,3.404996245602219,0.13493309294282455,-0.3517896725990169,-0.05254051689513281
1765410064.947869,-9.437882869852716,0.10177323726311768,3.4110038277666317,0.1346487819017713,-0.3518184413989414,-0.05266548735355008
1765410064.949876,-9.423705819047125,0.10581682974017963,3.417763882074313,0.1342929391749556,-0.3518724584555169,-0.05272754652232347
1765410064.952888,-9.408926059017233,0.10815593177887436,3.424977168362459,0.13388704119123893,-0.35195749818732996,-0.05273310756732113
1765410064.954895,-9.393597108866407,0.10851005590702087,3.4323281484116848,0.13345510509299333,-0.35207582465694626,-0.052690489439199066
1765410064.955906,-9.377817092203273,0.10666470805287494,3.4395110317892787,0.13302262631048786,-0.35222590330607784,-0.05260977721033646
1765410064.957874,-9.3617327851309,0.10248465062858185,3.4462539098472207,0.1326154979027905,-0.3524023802745353,-0.05250262347466763
1765410064.962909,-9.345539629155345,0.09592461064014758,3.4523386059868573,0.13225896485669517,-0.3525963541354436,-0.05238196973444301
1765410064.964857,-9.329477504850962,0.08703621572904857,3.45761434929739,0.13197666006131337,-0.3527959373144641,-0.052261683716103985
1765410064.967896,-9.313822736535315,0.07597048424680665,3.462005126776702,0.13178975562570547,-0.35298706535500973,-0.05215612204589081
1765410064.968396,-9.29887737464547,0.06297566859908629,3.4655119539626513,0.13171624438973867,-0.3531544828404213,-0.05207963502178428
1765410064.970891,-9.284956662704463,0.04839039174151616,3.4682110001058017,0.13177035077379767,-0.35328282996870247,-0.05204603190603532
1765410064.974869,-9.272375006342369,0.03263194021590166,3.470247223201381,0.13196206502946095,-0.3533577671071114,-0.05206802974800534
1765410064.977897,-9.261430580440452,0.016179805237147033,3.4718227766229317,0.13229679909163947,-0.35336708328928274,-0.05215672281067492
1765410064.979901,-9.252389298780272,-0.0004445782947795191,3.473180608636611,0.13277516891666938,-0.35330172678311733,-0.052321122457750835
1765410064.980885,-9.245469816221346,-0.016699869067211135,3.4745853182504125,0.13339291281501886,-0.3531566850394338,-0.0525678095521791
1765410064.984816,-9.240831889115647,-0.032046181513668004,3.4763042148677497,0.13414095785736013,-0.3529316443840456,-0.052900709800137315
1765410064.987829,-9.23857024024515,-0.04596402749533309,3.4785913191623283,0.1350056476948852,-0.35263137566156755,-0.05332096741106695
1765410064.988887,-9.23871483649905,-0.05797050013981207,3.481675981013843,0.13596914175490885,-0.3522658130201955,-0.053826880291174384
1765410064.99288,-9.241236669723765,-0.06763345307946926,3.4857562800213286,0.13700998339021153,-0.3518498205751926,-0.05441387938595812
1765410064.993934,-9.246056718850896,-0.07458445992323474,3.4909959592123334,0.13810381582923328,-0.3514026754344922,-0.05507456846966339
1765410064.997905,-9.253055368161803,-0.0785304371866522,3.497522869222173,0.13922420817076814,-0.3509473195764311,-0.055798860633241486
1765410064.999886,-9.262079986900224,-0.07926282393606675,3.5054270497389597,0.14034354325564774,-0.35050943136138146,-0.05657423904558149
1765410065.002854,-9.272949161588974,-0.0766630350599101,3.5147574283740073,0.14143391257671992,-0.3501163503083053,-0.0573861400454297
1765410065.004845,-9.2854529224427,-0.07070378033739426,3.525516950877053,0.1424679606990821,-0.3497958865671228,-0.05821842778653847
1765410065.007897,-9.299349206204093,-0.061447085463819155,3.5376562594222776,0.1434196299177725,-0.3495750708164141,-0.059053920635644686
1765410065.009884,-9.314357855365154,-0.04904046656981481,3.5510662674985576,0.1442647804577915,-0.34947892399964486,-0.05987494288338275
1765410065.012828,-9.330154530771509,-0.033712349979699116,3.5655709032219445,0.1449816964918676,-0.349529316023398,-0.06066389526557219
1765410065.014888,-9.346367506188958,-0.015767002986453376,3.580922616657383,0.1455515166489343,-0.3497439437709852,-0.06140384615309263
1765410065.016882,-9.362580015539583,0.004421375256711944,3.596803758231776,0.14595863389521474,-0.3501354330070828,-0.06207913799904314
1765410065.019839,-9.378339728407257,0.026415917531664983,3.61283593082008,0.14619109351890525,-0.3507105843301479,-0.06267598925690365
1765410065.022862,-9.393175380525589,0.04972608732333023,3.628597392747817,0.14624099300930862,-0.35146982081303,-0.06318306107224836
1765410065.023842,-9.406618869055174,0.07381860286674394,3.643646611200837,0.14610486506440368,-0.3524069091522147,-0.06359195724461764
1765410065.026937,-9.418229610201866,0.09813038406818578,3.657548896150367,0.14578400606120476,-0.35350899839710803,-0.06389763463158979
1765410065.029825,-9.427617237850535,0.12208366946265567,3.6699028217948917,0.1452846961103065,-0.3547569769178869,-0.06409871126500725
1765410065.030898,-9.434459233019602,0.14510356424808127,3.6803636178278367,0.14461824656656042,-0.356126123487391,-0.06419766197897514
1765410065.034809,-9.438511644531205,0.1666381946770455,3.6886616374777215,0.14380081319667493,-0.3575870246886091,-0.06420088288685612
1765410065.037825,-9.439613003765812,0.18618100871458437,3.6946152489621977,0.1428529338789622,-0.35910672708315844,-0.06411859178503669
1765410065.039878,-9.437683125814019,0.20329354831318552,3.6981387668328387,0.1417987874474479,-0.3606500773389608,-0.06396452629455984
1765410065.042884,-9.432719247167311,0.21762583935007468,3.699246720399233,0.14066521534959206,-0.36218118456927967,-0.06375542014685236
1765410065.044888,-9.424791694788373,0.22893132285312975,3.6980553618230254,0.13948058853492215,-0.36366492627542024,-0.06351027780495672
1765410065.046895,-9.414040268900777,0.2370743829472676,3.6947812415582466,0.13827362823322362,-0.36506841200526513,-0.06324950715398087
1765410065.049898,-9.400671465881855,0.24203042417882234,3.689736042604119,0.13707229046768288,-0.36636231294356003,-0.06299398927452596
1765410065.052893,-9.384956178854207,0.24387995323675332,3.683317226250796,0.13590279571525082,-0.36752196705345097,-0.06276416009158695
1765410065.054885,-9.367227443931846,0.24279846819662787,3.6759946630872933,0.13478883941523048,-0.3685281916342553,-0.06257916213476336
1765410065.057925,-9.347877568352516,0.2390434700658565,3.668293428583927,0.13375097979940756,-0.36936777762021283,-0.06245611084012975
1765410065.059889,-9.32735356281096,0.23293957259992978,3.6607727550853473,0.13280618097617583,-0.37003368116468427,-0.06240951437807232
1765410065.062947,-9.30614980317012,0.22486296314566517,3.6540017459359646,0.13196748628867563,-0.37052495101045546,-0.062450877189383816
1765410065.064835,-9.284797474469213,0.21522678847646423,3.648533665563305,0.13124379772310857,-0.37084643931025246,-0.0625884902463082
1765410065.067909,-9.263851069150963,0.20446861477144365,3.644881228418966,0.1306397387035759,-0.3710083464500468,-0.06282737049138336
1765410065.068895,-9.243872538173465,0.19303990836886686,3.6434948713963546,0.13015558708013367,-0.37102564099617996,-0.06316928156993408
1765410065.071913,-9.225413679917875,0.1813961983934172,3.6447450988925776,0.12978728647149862,-0.3709173716401027,-0.06361276742582454
1765410065.073886,-9.20899720212364,0.16998596384663542,3.6489090818712304,0.12952656850949948,-0.37070586736378186,-0.06415316180943055
1765410065.077907,-9.195096709139216,0.15923667051744128,3.6561607941762766,0.12936123147131584,-0.370415824644149,-0.06478258673709003
1765410065.078904,-9.184115892234008,0.14953758012490484,3.6665635275491097,0.12927561607079663,-0.37007329871102884,-0.06548999803920642
1765410065.082932,-9.176367770754535,0.14122037720356767,3.6800644407120835,0.1292513001089892,-0.3697046252664452,-0.06626135412796497
1765410065.084897,-9.172055817570456,0.13453964847689692,3.696492632380496,0.12926800483921735,-0.36933529617287303,-0.06707996828258125
1765410065.087947,-9.171259439709813,0.12965550407332582,3.7155633842043176,0.12930467188869346,-0.3689888224746195,-0.06792706799560859
1765410065.089882,-9.17392590304658,0.12662035221351134,3.7368903010185672,0.12934063908830853,-0.3686856556293611,-0.0687825472458168
1765410065.090874,-9.179869558744015,0.1253713781506391,3.7600047146027924,0.12935682673452661,-0.36844227851937394,-0.06962586933896632
1765410065.093956,-9.188777961072319,0.12572972502143775,3.7843798130063417,0.12933684599350345,-0.3682705838959345,-0.07043705803077617
1765410065.095881,-9.200223807136368,0.1274066595748728,3.8094565581993574,0.12926795246163605,-0.36817762175387986,-0.07119770212473428
1765410065.099936,-9.213681607679696,0.13001627306617872,3.83466905817606,0.12914178397625523,-0.3681657417110196,-0.07189189736185866
1765410065.102892,-9.228548221771009,0.1330938412765855,3.8594677321414355,0.12895484398766216,-0.3682331027602435,-0.07250705873556751
1765410065.104975,-9.244166522332934,0.13611891209464932,3.8833391096948113,0.1287087218965846,-0.36837447569558657,-0.07303454902623087
1765410065.107901,-9.25985148534351,0.1385421796098034,3.905821759833587,0.12841007059051324,-0.36858222588312756,-0.07347008092963084
1765410065.109868,-9.274917969064537,0.13981494803256406,3.9265185944227667,0.128070374828141,-0.3688473470868337,-0.0738138638555896
1765410065.112896,-9.288709252358471,0.13941960439243825,3.9451060028542675,0.1277055379212909,-0.36916043049220915,-0.07407048702223762
1765410065.114869,-9.300625050216244,0.13689937653740525,3.9613398729132925,0.12733529739106478,-0.3695124877337058,-0.07424855751551489
1765410065.117891,-9.31014756546076,0.1318858531428337,3.975058478394548,0.12698246646645697,-0.36989557709700754,-0.07436013717176289
1765410065.119927,-9.31686425787698,0.12412287142283299,3.9861828933978587,0.12667199590708436,-0.3703031959657214,-0.07442003436237238
1765410065.122879,-9.320485956756606,0.1134850437035762,3.994715928824677,0.12642986034808684,-0.3707304174444764,-0.07444500529732995
1765410065.124846,-9.320858519264759,0.0999887718545346,4.0007396587067765,0.12628179404017492,-0.3711737821592433,-0.0744529154722009
1765410065.127842,-9.317966113939205,0.08379400605447114,4.00441045529761,0.126251932926166,-0.3716309931567753,-0.0744619115994948
1765410065.129918,-9.311925115682646,0.06519655963615224,4.005950799127392,0.12636145626253908,-0.3721004774216648,-0.07448964924295387
1765410065.132837,-9.302969262608947,0.044612626492029454,4.005638802267578,0.12662734185760502,-0.3725808754872583,-0.07455260122095021
1765410065.133919,-9.291428090167582,0.022558030561214165,4.003797382211186,0.12706134007988737,-0.37307052666010154,-0.07466544362398482
1765410065.137826,-9.277701055553052,-0.0003756286131348952,4.000784183474956,0.12766924141330416,-0.37356703510981437,-0.07484050176962084
1765410065.139826,-9.262229492810818,-0.02354655720958079,3.9969817906696545,0.1284504799410718,-0.37406699973496854,-0.07508724952231498
1765410065.142893,-9.245468287356626,-0.04628904167719898,3.992787319971132,0.12939808861066024,-0.37456594441204394,-0.07541187927949557
1765410065.144891,-9.22785923653879,-0.06793925576188271,3.9886014260678264,0.1304989969107427,-0.37505841938144535,-0.07581697497782418
1765410065.147841,-9.209808262667861,-0.0878593421822929,3.98481792108394,0.13173463486708786,-0.37553820793400294,-0.07630131900280408
1765410065.149889,-9.191668560881102,-0.105458745801432,3.981815458424206,0.1330817824363525,-0.3759985818247086,-0.07685985257602007
1765410065.152896,-9.173731121545508,-0.12021228512120326,3.9799520702251465,0.13451358505874003,-0.37643257718416406,-0.07748379647382664
1765410065.154878,-9.156222901022092,-0.1316750572578288,3.979562372410024,0.13600064842203397,-0.3768332821207709,-0.07816092917081002
1765410065.157871,-9.13931156409007,-0.1394947611499999,3.9809563006171382,0.13751213236927573,-0.3771941382218421,-0.07887601527678349
1765410065.159881,-9.123114677754835,-0.14342211196626192,3.9844173964571374,0.13901678615815502,-0.37750927043298527,-0.0796113789654541
1765410065.162951,-9.107710909163835,-0.1433195520863898,3.990198367252732,0.14048389912153317,-0.37777386493058157,-0.08034761794783056
1765410065.163451,-9.093151248520996,-0.13916768721746112,3.9985124903961853,0.14188416989275243,-0.37798459720720834,-0.0810644420947916
1765410065.165824,-9.079469177908166,-0.13106836583980558,4.009521188030625,0.143190510264077,-0.3781400778257104,-0.08174159630013025
1765410065.1679,-9.066689419214864,-0.11924354009450432,4.023319493438489,0.14437879202025516,-0.37824125663606,-0.08235980367226473
1765410065.172875,-9.054835048815534,-0.10402991120543671,4.039921226891194,0.14542852670559447,-0.37829172614194145,-0.08290165878996104
1765410065.174932,-9.043932616327762,-0.08587020995636202,4.059245104462437,0.14632345333332003,-0.37829788140666326,-0.08335241700876192
1765410065.177951,-9.034014943456125,-0.06530211100864068,4.081102974291952,0.14705200227233353,-0.3782689025827346,-0.08370065468977679
1765410065.179987,-9.025121557353842,-0.04294518180626577,4.1051919808805675,0.14760760269525663,-0.37821652412996454,-0.08393879818901935
1765410065.180878,-9.017296938731192,-0.019485464871252366,4.13109266615096,0.1479888066889459,-0.37815456738514636,-0.08406352601441694
1765410065.184916,-9.010586872961085,0.004343164882603955,4.15827434158162,0.14819921879836903,-0.37809825145822157,-0.0840760417349283
1765410065.186944,-9.005033308794662,0.02778158368628792,4.186108074260391,0.14824724399170694,-0.3780633374706836,-0.08398220129257766
1765410065.188898,-9.000668213960008,0.05007193371991543,4.213886923120488,0.14814569035004657,-0.37806518096514385,-0.08379246419236148
1765410065.191967,-8.997506851664987,0.0704870852685603,4.240852549112398,0.14791127346975227,-0.3781177751356489,-0.0835216345957053
1765410065.195381,-8.995540741924692,0.08836138208457939,4.266226604072248,0.14756406353502924,-0.3782328769612034,-0.08318837168122645
1765410065.197903,-8.994730568861286,0.10312091250810955,4.289244575507304,0.1471268993055708,-0.37841930968669435,-0.08281447088021769
1765410065.198403,-8.994999735642807,0.11431176254560993,4.309189947794223,0.1466247743518609,-0.37868250813664667,-0.08242393614197127
1765410065.202909,-8.996230071925263,0.12162467555541559,4.325427891973157,0.14608418412825253,-0.3790243202809014,-0.0820418760487053
1765410065.204887,-8.998261685098448,0.12491412439473772,4.337438798353759,0.1455324099073119,-0.3794430309288592,-0.0816932727665643
1765410065.207927,-9.000898435239884,0.1242095097232705,4.344851287613483,0.14499671172213566,-0.3799335596991543,-0.08140169876312113
1765410065.209974,-9.003919153874964,0.1197166483609949,4.347472452037285,0.14450341410715975,-0.38048779831680907,-0.0811880823058458
1765410065.211929,-9.007093355386608,0.11180896727484135,4.345312018178249,0.14407689680765995,-0.38109506222101774,-0.08106963091757047
1765410065.214948,-9.010199446147956,0.10100934968007512,4.338597742728474,0.14373853700885875,-0.38174262557922617,-0.08105900436301211
1765410065.217859,-9.013043308991733,0.08796471643249829,4.327780543084434,0.14350567596441852,-0.38241630089518386,-0.08116379201987657
1765410065.219928,-9.015475241094325,0.07341570864720454,4.3135283041990835,0.14339069722708356,-0.38310102878611185,-0.08138630421017608
1765410065.220923,-9.017403286348882,0.05816322763653043,4.2967070899194955,0.1434003074538997,-0.3837814568661669,-0.08172364487331733
1765410065.224899,-9.018801150878156,0.04303258215231182,4.278348680729662,0.14353509904833814,-0.38444249829425037,-0.08216801045446732
1765410065.227903,-9.019709387819992,0.028835413282023357,4.259604421637667,0.14378944275158465,-0.3850698675996768,-0.08270716728777779
1765410065.229924,-9.02022939418044,0.016329975609862768,4.241686786928707,0.1441517178738634,-0.38565059698120085,-0.08332508512705587
1765410065.232978,-9.020510840624972,0.006181579340056805,4.225801588529848,0.144604854813778,-0.38617353655163256,-0.08400272170177814
1765410065.234913,-9.02073440465051,-0.0010737950603465227,4.21307577729071,0.1451271455361989,-0.38662982767234466,-0.0847189442847199
1765410065.236934,-9.021092781396804,-0.005059430755307404,4.20448796457777,0.14569326907067878,-0.38701331479192086,-0.0854515427319136
1765410065.239915,-9.021773108017085,-0.005578971420731415,4.200809395557214,0.14627547717866357,-0.3873208491822331,-0.08617825936258644
1765410065.242896,-9.022942691866232,-0.002627623500604377,4.202560970695984,0.14684488976448248,-0.38755244539532135,-0.08687776220831789
1765410065.244915,-9.024737979618523,0.0036067645243699196,4.2099882643942985,0.1473728578885657,-0.38771126417768914,-0.08753051959592345
1765410065.246958,-9.027255377846688,0.012752815801221505,4.223053674397612,0.14783235551057633,-0.38780340816776765,-0.08811956521089241
1765410065.249888,-9.030542482492741,0.024274874971794022,4.241443665419781,0.14819935030695958,-0.3878375403466336,-0.08863114884710767
1765410065.250902,-9.03458908117882,0.03750166119270472,4.264588648579859,0.14845408354068743,-0.3878243678911541,-0.08905525572900758
1765410065.254931,-9.039318331234682,0.051662515749692765,4.291692842269813,0.14858217718445635,-0.3877760495515035,-0.08938596848280249
1765410065.257947,-9.044579534520885,0.06592856105070109,4.32177194117809,0.14857549422590188,-0.38770556689829727,-0.08962165112732541
1765410065.259902,-9.050144722887376,0.07945579502559044,4.353697520621536,0.14843269653283123,-0.3876260690362108,-0.08976495082714955
1765410065.262896,-9.05571146207884,0.09142743934052071,4.386247828610627,0.14815946226369228,-0.38755018827909526,-0.08982263306962973
1765410065.264962,-9.060913710279825,0.10109357903280783,4.418164417567306,0.14776834387749258,-0.3874893352977993,-0.08980527912541504
1765410065.265875,-9.0653414699944,0.10780695087658765,4.44821344912483,0.147278272457934,-0.387452998753718,-0.0897268715857411
1765410065.269916,-9.06856866487652,0.11105414861162179,4.4752499060930235,0.1467137362797612,-0.38744808990874524,-0.08960427654337116
1765410065.272886,-9.07018724729409,0.11048119659281586,4.498281926671562,0.1461036746220915,-0.3874783965436669,-0.08945661554705589
1765410065.273932,-9.06984405879286,0.10591176240826948,4.516530730125136,0.14548014004844576,-0.3875442396119062,-0.08930452379386886
1765410065.27789,-9.067275856802489,0.0973561511746085,4.529480159002137,0.14487680127299318,-0.3876424326480335,-0.08916931661353539
1765410065.279955,-9.062337844975756,0.08501024940198888,4.536910196658563,0.1443273740498981,-0.3877666052308018,-0.0890721183356719
1765410065.28298,-9.055022154315612,0.06924531874289191,4.538910894970112,0.14386406408753735,-0.3879078817733279,-0.08903302096287025
1765410065.284983,-9.045464378644901,0.05059083072182986,4.535875494616472,0.14351608607925323,-0.3880558419793952,-0.08907032344775753
1765410065.287941,-9.033937703189347,0.02971262981754758,4.528473257114925,0.1433083049769959,-0.38819964885321806,-0.08919986921541471
1765410065.291487,-9.020835171176115,0.007387870817903071,4.517604027608045,0.14326004267023046,-0.3883292120680114,-0.08943447224017527
1765410065.292966,-9.006641431328875,-0.015522792631754228,4.504338009512195,0.14338409935909915,-0.38843625999989156,-0.08978341318734381
1765410065.294979,-8.991896083694135,-0.0381058155177318,4.489845081759714,0.14368603902493604,-0.38851522584413223,-0.09025199731748289
1765410065.295924,-8.977151597574634,-0.05942817365102778,4.475318201839014,0.14416377752834217,-0.3885638948184831,-0.0908411869967055
1765410065.29988,-8.962929835748511,-0.07857309370952294,4.461896105106029,0.1448074986576104,-0.388583782639445,-0.09154734101584441
1765410065.3029,-8.9496822689434,-0.09467690817172197,4.450592087903478,0.14559991504446032,-0.3885802148953153,-0.09236210086045683
1765410065.304882,-8.93775913704108,-0.10696531382449553,4.442236519777389,0.14651688253115475,-0.388562076002004,-0.0932724605144456
1765410065.305877,-8.92739129072549,-0.11478722338708905,4.437438841135518,0.1475283599578414,-0.38854121796899066,-0.09426104721560502
1765410065.308912,-8.918685655176038,-0.11764460037269792,4.436570667339684,0.14859968195459888,-0.38853155890540986,-0.09530662853974022
1765410065.312884,-8.911632704240601,-0.11521679882278935,4.439768017128298,0.1496930881986523,-0.38854793570046187,-0.09638484332739929
1765410065.314895,-8.906122976023916,-0.10737791249211415,4.446949259052981,0.1507694323808972,-0.38860479502214756,-0.09746912923133644
1765410065.317927,-8.901969192463893,-0.09420575001441986,4.457845112558282,0.15178997404952368,-0.3887148268421552,-0.09853179492635311
1765410065.318925,-8.898930530311102,-0.07598152768481811,4.472036662832309,0.15271813736141363,-0.3888876744746038,-0.09954516985274041
1765410065.322932,-8.896736203095996,-0.053180145939127316,4.48899725275113,0.1535211142112971,-0.3891288728505799,-0.10048276289002882
1765410065.324894,-8.89510669365748,-0.026451751563945403,4.508134953700969,0.15417120504510332,-0.38943914433042814,-0.10132037115478314
1765410065.327838,-8.893771928342465,0.003404068011831457,4.528833348108969,0.15464682536227453,-0.38981412574553226,-0.10203709489605661
1765410065.329876,-8.89248588394836,0.0354698775560933,4.550488646926331,0.15493314833619162,-0.3902445465737396,-0.10261622745129427
1765410065.332871,-8.8910370728967,0.06874641542159071,4.5725412329176285,0.15502239393960682,-0.39071684115966293,-0.10304599687128702
1765410065.334921,-8.889254697654431,0.10219204693325727,4.594500524125453,0.15491380302208427,-0.39121413962076124,-0.10332013825191844
1765410065.33789,-8.887010773751813,0.1347646247292224,4.615963164326793,0.15461334304608745,-0.39171753513827845,-0.10343827541205393
1765410065.338925,-8.884218704148074,0.16546414397131923,4.63662482945877,0.15413318166640497,-0.39220749538680943,-0.10340609172731173
1765410065.342921,-8.880828818619447,0.1933739356098104,4.656285461752239,0.153490948977528,-0.3926652904146468,-0.10323527581161271
1765410065.344907,-8.876821632344976,0.2176980558433158,4.674847587042019,0.15270880573137385,-0.39307432836134454,-0.1029432352034374
1765410065.347913,-8.872199858367763,0.23779297315164327,4.692307924727685,0.1518123465433432,-0.39342130240134204,-0.10255257430028707
1765410065.349894,-8.866980255411644,0.25319206159797397,4.7087431893426235,0.15082938443300273,-0.3936970671790776,-0.10209033265169742
1765410065.352846,-8.861186309128582,0.2636214942179019,4.724291366214652,0.14978867816460814,-0.3938971952679867,-0.10158698614437488
1765410065.354902,-8.854842611620272,0.2690062348915969,4.739129956971142,0.14871867545992118,-0.39402220032658125,-0.10107523487711292
1765410065.357867,-8.847971437909413,0.26946543582276855,4.753452917874876,0.14764635086708994,-0.39407743224288017,-0.10058863414898968
1765410065.35984,-8.840591420814052,0.2652977017319942,4.767448098505543,0.14659621154933009,-0.39407265704842,-0.10016015380348617
1765410065.362843,-8.832717788367829,0.25695797448718927,4.781276749225516,0.1455895248227158,-0.3940213531491247,-0.09982076173328912
1765410065.364909,-8.824363670960926,0.24502875154444007,4.795056347808087,0.14464379141238906,-0.3939397831217138,-0.09959811689859438
1765410065.366924,-8.815542332139717,0.23018863192894853,4.808847963091588,0.14377245700325178,-0.3938459126509706,-0.09951543115113505
1765410065.369909,-8.806270358802605,0.2131806000530186,4.822649385876567,0.14298483117894015,-0.3937582427731124,-0.09959052666134399
1765410065.370947,-8.796571648165003,0.1947812164479798,4.836394645506112,0.14228617126630005,-0.3936946210468545,-0.09983509295311425
1765410065.374932,-8.78648164654359,0.1757706926341077,4.8499592396915565,0.14167788830290493,-0.39367110575781655,-0.10025414836448768
1765410065.377919,-8.776051029179861,0.15690342423283107,4.863169319965951,0.1411578420654722,-0.39370095526941823,-0.10084572882907238
1765410065.379947,-8.76534804333172,0.13887905762376695,4.87581305974369,0.14072070722068572,-0.3937937969362507,-0.10160084081177467
1765410065.382974,-8.754459084851959,0.12231498700026205,4.887653302332102,0.14035840495165947,-0.3939550120322155,-0.10250371174017067
1765410065.384898,-8.743487535138476,0.10772162804607113,4.8984413325374065,0.14006060114062624,-0.3941853641869605,-0.103532353178822
1765410065.385957,-8.732551224542647,0.09548172117112463,4.90793172140295,0.1398152767899938,-0.3944808935595071,-0.10465942935153193
1765410065.389914,-8.721779155828369,0.08583465589819247,4.915898182720066,0.13960937705935367,-0.39483308807128076,-0.10585340401749162
1765410065.392911,-8.711308321412144,0.07886670337015837,4.922150531135712,0.1394295347265856,-0.39522932218434165,-0.1070799214039574
1765410065.394903,-8.701281176477515,0.07450795390251673,4.92655235704256,0.139262842883673,-0.39565353002890014,-0.10830335691514772
1765410065.397901,-8.691843409710879,0.07253643735589244,4.929037648814562,0.1390976333885798,-0.3960870655953608,-0.10948845344017012
1765410065.399935,-8.683140799616924,0.07258948746358475,4.929623675143368,0.13892421302006522,-0.39650969912267126,-0.11060194899419074
1765410065.400968,-8.67531398460338,0.0741821408514968,4.928418132610535,0.1387355142455016,-0.3969006969479804,-0.1116141044353541
1765410065.404895,-8.668490737701248,0.07673214067264551,4.925619907529957,0.13852762012586717,-0.3972399321723235,-0.11250005101409496
1765410065.407953,-8.662776046617672,0.07959071072277693,4.92151328347433,0.13830012168304354,-0.39750898188954387,-0.1132408926952429
1765410065.409876,-8.658240711166387,0.08207774050083522,4.9164553331493615,0.13805627267346549,-0.39769217471576734,-0.1138245165035326
1765410065.412853,-8.654909611617757,0.08351963994991889,4.910856903983971,0.13780292800557242,-0.3977775425264214,-0.11424608179268245
1765410065.414909,-8.65275141200212,0.08328796214682199,4.905159116851402,0.137550276731347,-0.39775760796371606,-0.11450817210034636
1765410065.417051,-8.651672002573576,0.08083677584233157,4.899808424202818,0.13731139199785522,-0.3976299313886166,-0.11462060299700352
1765410065.419924,-8.651514138505354,0.0757365559125257,4.895233340098678,0.13710161911648755,-0.3973973569916255,-0.11459989076991224
1765410065.422922,-8.652065157775787,0.06770217653297711,4.891825374198667,0.13693782426899162,-0.3970679206384182,-0.11446840162183043
1765410065.423952,-8.65307313875485,0.056612783350582445,4.889925855514079,0.13683753612258634,-0.3966544045766189,-0.11425322122024258
1765410065.427855,-8.654269732261055,0.04252213436393572,4.889819001625831,0.13681802095302392,-0.3961735605014034,-0.11398480951055436
1765410065.429893,-8.655396073957,0.02565923062151058,4.891729785338189,0.13689533280865246,-0.39564507236001506,-0.1136955226470266
1765410065.432947,-8.656227470253663,0.006420088317612935,4.8958238595200045,0.13708337962943962,-0.39509036411276094,-0.11341807765200436
1765410065.434911,-8.656593177904286,-0.014648171793847278,4.902207148416998,0.1373930472927236,-0.39453135357639496,-0.11318401332800099
1765410065.437926,-8.656389103974337,-0.03687005984864548,4.9109243727934775,0.1378314221971183,-0.3939892283658768,-0.11302218742843188
1765410065.43998,-8.6555828136882,-0.05947083141501862,4.92195716449216,0.13840114983853144,-0.3934833064424601,-0.11295735764178216
1765410065.442861,-8.654211317096772,-0.08161146709050121,4.935222759102987,0.13909996753074294,-0.3930300472656598,-0.11300891337902617
1765410065.444922,-8.65237275669046,-0.10242832204707479,4.950574175708009,0.13992045099985803,-0.39264227947025326,-0.11318983872325321
1765410065.447897,-8.65021349620834,-0.12107539971702067,4.967802748201222,0.14085000582485327,-0.3923286985208542,-0.11350598137785096
1765410065.449925,-8.647912172285617,-0.13676676424895276,4.986643488301969,0.1418711138839658,-0.39209367231119086,-0.11395567805554808
1765410065.452931,-8.645662023948685,-0.14881670710578293,5.006783034372227,0.14296182484898678,-0.3919373729812415,-0.11452975465296605
1765410065.454912,-8.64365244224046,-0.15667561514553172,5.027869449639993,0.14409647187466595,-0.39185621818799465,-0.11521189242711424
1765410065.457917,-8.64205037342826,-0.1599597776696026,5.049522954318525,0.1452465822945351,-0.3918435631074177,-0.11597933662172324
1765410065.459938,-8.640982138643889,-0.15847357510971968,5.071346450506958,0.1463819417659928,-0.39189055923194194,-0.11680392132311136
1765410065.460921,-8.640516541834016,-0.15222266003032572,5.092934663037893,0.1474717596484174,-0.3919870932182352,-0.11765338490276495
1765410065.464875,-8.640650720215618,-0.14141697119371055,5.113881468584279,0.14848588133246787,-0.3921227236382348,-0.1184929412240425
1765410065.467933,-8.641300637371767,-0.12646291765026962,5.133786257788875,0.14939599668656084,-0.39228753859395527,-0.11928704588123841
1765410065.469922,-8.642298062558313,-0.10794497530894395,5.152260864830567,0.15017679710027626,-0.3924728711926413,-0.12000126235628669
1765410065.471906,-8.643395327826326,-0.08659803523328932,5.168938153308825,0.15080703841338183,-0.39267183202111294,-0.12060411048356494
1765410065.474993,-8.644278356454784,-0.06327260141730652,5.183482460907042,0.15127047708983085,-0.3928796316315489,-0.121068782278924
1765410065.477946,-8.644587567257917,-0.03889501052209526,5.195601692398407,0.1515566564846736,-0.3930936688265618,-0.12137463043073445
1765410065.478955,-8.643945252089495,-0.014424445267087221,5.205060811622635,0.1516615162407306,-0.3933133732302675,-0.12150835466242489
1765410065.481976,-8.64198684493725,0.009191798938306956,5.21169601930513,0.15158777959053235,-0.39353982510055396,-0.12146482143279214
1765410065.48493,-8.638392345871665,0.03106316295140995,5.215427894315741,0.1513450579583584,-0.3937752130549279,-0.12124745818410161
1765410065.487891,-8.632913661517678,0.050398595755788776,5.216271206835074,0.15094961665318404,-0.3940222075489653,-0.12086817724103176
1765410065.489904,-8.625394420822024,0.06654453322609068,5.21433979217513,0.15042376918304032,-0.3942833239429158,-0.12034681496246102
1765410065.492959,-8.615780739818053,0.0790152741911969,5.209846245091675,0.14979490204347498,-0.394560338012897,-0.1197101155308044
1765410065.494979,-8.604123409730132,0.08751346685398774,5.2030971283651635,0.14909417270283812,-0.39485380557483246,-0.11899033344096181
1765410065.497989,-8.590573227479291,0.09193950450730419,5.194484668890176,0.1483549655295305,-0.39516272495586985,-0.11822356040550071
1765410065.49996,-8.575371678147105,0.09238989187215273,5.184476006674081,0.14761121971865104,-0.3954843675672753,-0.11744789262933021
1765410065.500995,-8.558839256703042,0.08914552329489119,5.173601017045069,0.1468957494350253,-0.3958142895840071,-0.1167015466627265
1765410065.506151,-8.54136341450049,0.08265111543633684,5.162439300056873,0.14623866471016786,-0.39614652168048253,-0.11602101947776279
1765410065.507916,-8.523387303359804,0.073487154616376,5.151606344784838,0.14566598306378703,-0.39647391020332473,-0.11543938149814997
1765410065.509921,-8.5053993173613,0.06233610600518998,5.141738550841107,0.14519849768945967,-0.3967885622783957,-0.11498478878730325
1765410065.512935,-8.487922257807599,0.04994517752344357,5.133476555136957,0.14485093704652122,-0.3970823455718975,-0.11467929173495817
1765410065.514911,-8.471500099337248,0.037088116743238,5.127445835363026,0.14463142322966427,-0.39734741255064004,-0.11453799390603969
1765410065.517886,-8.456680289728105,0.024528113069452663,5.1242335227664295,0.1445412270016466,-0.3975767398462707,-0.11456858205495236
1765410065.519907,-8.443990697504494,0.01298318968577169,5.124361803624068,0.1445748256949229,-0.39776467407803257,-0.1147712216162514
1765410065.522975,-8.433912241898204,0.0030949240477307735,5.128260511235741,0.14472028006043192,-0.3979074583280652,-0.11513879841586808
1765410065.524895,-8.4268496293374,-0.004598912337972848,5.1362423320569786,0.14495994143639385,-0.3980037029560005,-0.11565748342621206
1765410065.527928,-8.423102946019617,-0.009687209406685514,5.14848288669032,0.1452714791959572,-0.39805477296943204,-0.11630759691928298
1765410065.528919,-8.422842829885852,-0.011903154177209954,5.165006696917592,0.1456291898729067,-0.3980650737232296,-0.11706474442291401
1765410065.532889,-8.426092145721887,-0.011135794780440817,5.185680149498916,0.14600552119954602,-0.3980422087640759,-0.11790118441480231
1765410065.534896,-8.432717081356419,-0.007434670269961539,5.210213074479991,0.14637271701357024,-0.3979969689281761,-0.1187873680944092
1765410065.537902,-8.44242978716636,-0.0010068663785781458,5.238170049803608,0.14670446709007692,-0.3979431130380034,-0.11969356896258962
1765410065.539879,-8.454803167824275,0.007793636880692241,5.268991130930199,0.14697744207781466,-0.3978969209459751,-0.12059149883230932
1765410065.541953,-8.469296585064948,0.01848376500347661,5.302020220775406,0.14717261236556328,-0.3978765252726317,-0.12145579815016634
1765410065.544964,-8.485289319524654,0.03047513268410039,5.336537989576718,0.14727627861323248,-0.39790104998878134,-0.12226530414988152
1765410065.545964,-8.502117062752701,0.04310244074387741,5.371795188947498,0.14728076930843884,-0.39798960297355956,-0.12300403572331194
1765410065.549924,-8.519106147979361,0.055655330130727446,5.407042041831209,0.14718478800094226,-0.39816018532426806,-0.12366186734016987
1765410065.552902,-8.53560118708932,0.06741281429529962,5.441550772131924,0.1469934189900641,-0.39842858809983295,-0.12423488072598848
1765410065.554932,-8.550983944274462,0.07767932741802142,5.474630694583783,0.14671781467011633,-0.3988073483479514,-0.12472538861170954
1765410065.557904,-8.564683596240927,0.08582098096429729,5.505637177331953,0.14637458658157637,-0.39930483593913074,-0.1251416353820902
1765410065.558898,-8.576180166260578,0.0913002484777565,5.533976632225499,0.14598491686145837,-0.39992453807493294,-0.12549719930075268
1765410065.562969,-8.585003803958234,0.0937072831346093,5.559110128910738,0.1455734094078485,-0.40066459138734306,-0.12581013895400942
1765410065.563469,-8.590732885497596,0.09278619935240721,5.580558503431678,0.14516671258202155,-0.4015175870564217,-0.1261019315026413
1765410065.565913,-8.592993571821314,0.08845462441604963,5.5979111971783295,0.14479196558892074,-0.40247065781569025,-0.12639624686597467
1765410065.569895,-8.591462589059047,0.08081478676217527,5.610839418584844,0.14447514869182446,-0.40350584910398113,-0.12671760310722097
1765410065.572863,-8.585874044648154,0.07015470882523067,5.619112664018964,0.144239448568058,-0.4046007654786543,-0.12708995617033164
1765410065.57496,-8.57603032251233,0.056938754135270754,5.622616801316875,0.1441037697297157,-0.4057294626883197,-0.12753528406816192
1765410065.576004,-8.561816359849383,0.041787598786709915,5.62137132621029,0.14408151696821977,-0.40686353703425954,-0.1280722304270208
1765410065.579993,-8.543215825851792,0.025448526471431403,5.6155428242565275,0.14417974422792942,-0.4079733515332137,-0.1287148791444829
1765410065.580989,-8.520327087909864,0.008757767268867572,5.605451718112812,0.1443987260168761,-0.4090293241466247,-0.12947173760388508
1765410065.584983,-8.49337650941071,-0.0074027451752832945,5.591570332897572,0.14473196677350067,-0.4100031874463358,-0.13034500226877532
1765410065.585996,-8.462726612587288,-0.02215155533809803,5.574511552758969,0.14516662215436354,-0.410869129431205,-0.13133016526864572
1765410065.589975,-8.428877056341072,-0.034654258438489086,5.5550083539133945,0.14568426903409254,-0.41160475256837115,-0.13241599807068796
1765410065.595403,-8.392457263777146,-0.044168084175095004,5.533885530079828,0.1462619381456534,-0.41219182632310386,-0.13358492417477147
1765410065.595903,-8.354210599611566,-0.05008212678875065,5.512026072054868,0.14687331743344145,-0.4126168318620061,-0.13481376906595363
1765410065.597888,-8.314970801638335,-0.05195084783887238,5.490335164503201,0.1474900393119804,-0.4128713034137175,-0.13607484865151095
1765410065.599976,-8.275631880689287,-0.04951877838985997,5.469704139745359,0.14808297792983377,-0.4129519764957326,-0.13733732535586987
1765410065.600902,-8.237113325379752,-0.04273503294153562,5.450975870697937,0.1486235031934867,-0.41286076324786714,-0.13856873356680893
1765410065.604872,-8.20032328368171,-0.031757025543780765,5.434913077752927,0.14908465778393035,-0.4126045734074989,-0.13973656647638563
1765410065.607879,-8.166122872023573,-0.016943382569317572,5.4221714934475616,0.14944222840808802,-0.4121949815716817,-0.14080982587399798
1765410065.608877,-8.13529430880886,0.0011634904963734403,5.413279606392229,0.14967567587845088,-0.41164772756879997,-0.1417604540248859
1765410065.612894,-8.108514342893631,0.021864250786294632,5.408625634308308,0.14976888803225002,-0.4109820427781433,-0.14256458175929934
1765410065.614942,-8.086333181207676,0.04433737637432874,5.408451352090905,0.14971073179890773,-0.4102198146097236,-0.14320353816734427
1765410065.617892,-8.069158468584316,0.06767976419745364,5.412852013229823,0.14949539407670231,-0.4093846242945625,-0.1436645810061117
1765410065.619873,-8.057244033422934,0.09095058507428658,5.421781689322627,0.14912250727439494,-0.408500716751952,-0.1439413275214254
1765410065.622877,-8.050683752163236,0.11321558409904071,5.435063589180143,0.14859706245902057,-0.4075919769531249,-0.1440338891300875
1765410065.624869,-8.04941131817883,0.13358922592397238,5.452405031089106,0.1479291285059174,-0.4066809853284758,-0.1439487320450934
1765410065.627993,-8.053206413265354,0.15127267543920903,5.473416375202689,0.14713341168867516,-0.4057882134623495,-0.1436982959682938
1765410065.629942,-8.061706900535318,0.16558631243653096,5.497632328013647,0.1462286950853937,-0.40493141480650036,-0.1433004069710981
1765410065.630938,-8.074425767138841,0.17599601354924416,5.524533264924897,0.14523719053335482,-0.40412525687180567,-0.14277752002465652
1765410065.634956,-8.090771075916551,0.18213261113911924,5.553564351280838,0.1441838241715249,-0.40338121440504177,-0.14215582111351727
1765410065.637928,-8.110067196706837,0.18380382006219348,5.584151179420802,0.14309546395841732,-0.4027077039881128,-0.14146421397997513
1765410065.639928,-8.131575994654387,0.18099787594648034,5.615711566648911,0.14200008803476846,-0.4021104142879324,-0.1407332212917999
1765410065.642961,-8.154517340707546,0.17387855401804347,5.647663685318233,0.14092589336298497,-0.4015927766809379,-0.1399938441309523
1765410065.644883,-8.178089071426424,0.16277216885031418,5.679431243034408,0.13990035611063528,-0.4011565067962453,-0.13927643480470228
1765410065.647882,-8.201487100949961,0.14814816743055767,5.710447302130392,0.1389492689573489,-0.4008021233351513,-0.1386096346196829
1765410065.648924,-8.223926545906664,0.1305954599020742,5.740158946145833,0.1380957857069874,-0.4005293422123631,-0.1380194109666597
1765410065.650896,-8.244664305173236,0.1107964211400829,5.768034588959595,0.13735950334554053,-0.40033727108069844,-0.13752820655964695
1765410065.654913,-8.263022618662541,0.08949973385295572,5.793574472671551,0.13675561679236334,-0.40022437757382384,-0.13715419834724157
1765410065.657868,-8.278412152938223,0.06749236877348583,5.816323830366975,0.13629419254656108,-0.4001882495905898,-0.13691066231270274
1765410065.659887,-8.290352641398762,0.04557042234623962,5.835887850369846,0.135979613236565,-0.4002252007353281,-0.13680545694812615
1765410065.662897,-8.298489185754894,0.024508529332957888,5.85194758552491,0.13581024111288587,-0.4003298018001513,-0.13684066601205092
1765410065.664929,-8.302602799129707,0.005028173284034095,5.864275860602327,0.13577834275882106,-0.400494435822241,-0.1370124609986386
1765410065.66792,-8.302614456458237,-0.01223390976897728,5.872752080802088,0.13587031504218208,-0.40070897369189656,-0.13731123771143067
1765410065.670061,-8.298582745378964,-0.026755489146381484,5.877374683805906,0.1360672454919229,-0.40096065356492006,-0.1377220518151479
1765410065.672954,-8.290696075067364,-0.038155067650292696,5.8782697382483065,0.13634581778238428,-0.401234226460567,-0.13822534649855822
1765410065.674932,-8.279261116806053,-0.04621317175320029,5.875694207415118,0.13667953557207568,-0.40151239788109394,-0.1387979484795656
1765410065.677867,-8.264689455724731,-0.050887272383089106,5.870033139240329,0.1370401973342609,-0.40177654808932134,-0.13941430229007695
1765410065.679916,-8.247484043086418,-0.05231862475052286,5.86179109955355,0.1373995237463652,-0.40200766851058845,-0.1400478995049186
1765410065.682953,-8.228225971448895,-0.05082935144156433,5.851578486650845,0.1377308260383517,-0.40218743238385507,-0.14067282974913214
1765410065.684913,-8.207560955606382,-0.0469088058324391,5.840092890672617,0.1380106097972616,-0.4022993250019133,-0.14126534515023872
1765410065.685931,-8.18618443542364,-0.04118940002544468,5.8280955239759935,0.1382200249981601,-0.40232976806305804,-0.14180531236630878
1765410065.689902,-8.164824441045923,-0.03441315804750207,5.816383374651998,0.13834608481389973,-0.402269167190913,-0.14227743792103228
1765410065.692921,-8.144221630759526,-0.02739097027644218,5.805758153873228,0.13838257701801585,-0.402112804496827,-0.14267218396339573
1765410065.695008,-8.125105984530975,-0.02095686959185882,5.796992796085775,0.13833059159098782,-0.4018615066156717,-0.14298632639705453
1765410065.696995,-8.108169991232076,-0.015919762806972756,5.790796145813135,0.13819860005343085,-0.4015220341533378,-0.14322313551687876
1765410065.701477,-8.094039084523596,-0.013015168599252622,5.787777276714682,0.1380020503843455,-0.4011071442915816,-0.14339217786947528
1765410065.702915,-8.083241178366999,-0.012859808407248246,5.788412014395294,0.13776248063844096,-0.40063528313019975,-0.14350875097885032
1765410065.70491,-8.076177980569552,-0.01591219947352447,5.793014740032243,0.13750619891644103,-0.4001298867736753,-0.14359297858268366
1765410065.707893,-8.07310114092072,-0.02244224979662106,5.801718328547634,0.13726262334667158,-0.39961830513855384,-0.14366861639707992
1765410065.709907,-8.074096043299837,-0.03251199037065394,5.814464445085631,0.13706241323674814,-0.39913039296506986,-0.14376164002118438
1765410065.71088,-8.079075077517372,-0.04596829047043347,5.8310054624917225,0.13693553854101906,-0.3986968395224588,-0.14389869808813843
1765410065.71397,-8.087780781823623,-0.06244730959448253,5.850917918247712,0.13690942851090995,-0.39834734316671533,-0.14410551262660024
1765410065.717027,-8.099797798370842,-0.0813899173474425,5.87362598608285,0.13700732228224113,-0.39810877377964166,-0.14440530113781302
1765410065.719898,-8.114571585884995,-0.10206717981874382,5.8984325577507875,0.13724691835785865,-0.3980034850284525,-0.14481729141077343
1765410065.720895,-8.131431656191934,-0.12361487426781957,5.924555586836091,0.1376393840072455,-0.3980479292307437,-0.14535540334415653
1765410065.724925,-8.149617740047455,-0.14507571056048793,5.9511678351072375,0.13818874627398098,-0.3982516959713838,-0.14602717347668828
1765410065.727921,-8.168308168474608,-0.16544756713685888,5.977438301500734,0.13889165809138115,-0.3986170458174842,-0.14683299012334922
1765410065.729916,-8.186650172675755,-0.18373560467702624,6.002573337399063,0.13973752120877525,-0.39913894544617784,-0.14776569198592995
1765410065.730951,-8.203791534701772,-0.19900563965247273,6.02585518648761,0.14070894471189074,-0.3998055495478133,-0.14881056555976255
1765410065.734925,-8.21891241701006,-0.2104358068480632,6.046675603932436,0.14178251459330857,-0.40059904382386774,-0.1499457580882273
1765410065.737956,-8.23125580770162,-0.21736343427051558,6.0645623800577955,0.14292984133913114,-0.4014967612003923,-0.1511431027833752
1765410065.739992,-8.24015510555985,-0.21932416092507245,6.079197278660115,0.14411883790375707,-0.4024724838857131,-0.15236933050006998
1765410065.741974,-8.245057752756534,-0.21608060308196672,6.0904250169573295,0.14531516230850403,-0.40349783581424464,-0.15358761708274446
1765410065.744912,-8.245544151965992,-0.20763835359915148,6.098253783523371,0.14648374369939762,-0.4045436696619308,-0.15475939071403297
1765410065.747942,-8.241341228536823,-0.19424782767469226,6.102847909784908,0.14759030569824988,-0.40558137175420933,-0.1558463003932961
1765410065.749886,-8.232330034659768,-0.1763914838902535,6.104513004309219,0.1486028092632117,-0.4065840335321714,-0.15681222508184497
1765410065.752905,-8.218546974361109,-0.1547572681101429,6.103673881265857,0.14949275310640298,-0.4075274510337759,-0.15762518848486548
1765410065.754898,-8.200178710930867,-0.13020058083682548,6.100846291504673,0.15023628506926723,-0.40839091291308116,-0.1582590480283119
1765410065.757939,-8.177551496450725,-0.1036981904743866,6.096604417084235,0.15081509269603277,-0.4091577358286385,-0.15869485185269083
1765410065.759906,-8.15111620169493,-0.0762977891230597,6.091546765154623,0.15121705811835623,-0.40981551314814335,-0.15892179386972613
1765410065.760904,-8.12143042700333,-0.04906624278510188,6.086263266073113,0.151436675259595,-0.41035605847513074,-0.15893772899052236
1765410065.764921,-8.089138670956649,-0.023038645175116782,6.08130597811532,0.15147522752463466,-0.41077504877560633,-0.15874923061433105
1765410065.767927,-8.054950833117463,0.0008301170708464769,6.077164806657584,0.15134071363821847,-0.4110714062476063,-0.15837118512624276
1765410065.769925,-8.019618804153671,0.02170926242697196,6.0742484761193385,0.15104749954425445,-0.41124649823277815,-0.15782593844211343
1765410065.772878,-7.9839109844125264,0.03892905827179635,6.072870406310227,0.1506156748531314,-0.4113032615595554,-0.15714204618087158
1765410065.774918,-7.948585185260378,0.05200854581464286,6.073239327348798,0.15007010673160898,-0.41124535929234224,-0.15635272012793203
1765410065.775979,-7.914360960355912,0.060672455241807505,6.075454792591947,0.14943921129177673,-0.41107646180444146,-0.1554940900669002
1765410065.780013,-7.881892627030369,0.06485657643701652,6.07950770648022,0.14875349746756553,-0.41079972372960083,-0.15460340559155322
1765410065.78104,-7.851744248080365,0.0647017021226746,6.085285725572098,0.14804397309281953,-0.41041750698977875,-0.15371729262238265
1765410065.784993,-7.824368029679214,0.0605370651105708,6.092583270421748,0.14734052825722552,-0.4099313756367623,-0.15287016104499362
1765410065.787981,-7.800088051491321,0.05285492020143758,6.101116043828585,0.14667041895848015,-0.40934235964241417,-0.1520928392026485
1765410065.789954,-7.779091639819172,0.04227852026495528,6.110540281603947,0.14605696122995177,-0.4086514525331044,-0.1514114902128895
1765410065.792969,-7.761430430530835,0.029526082393746454,6.120477023621663,0.1455185158675751,-0.40786027759003884,-0.1508468415961308
1765410065.794963,-7.747031827316171,0.015373263468745426,6.130540849128986,0.14506780580819478,-0.4069718394681066,-0.15041373245997958
1765410065.797992,-7.7357193497952865,0.0006161254290486095,6.140370679456976,0.14471157429430256,-0.4059912778130584,-0.15012095579937515
1765410065.800009,-7.727238247378638,-0.013964188250894351,6.149658455019828,0.14445057137958223,-0.40492655220889734,-0.14997135420979088
1765410065.802928,-7.721281894425364,-0.027634421361732005,6.158171215473492,0.14427984730562157,-0.4037890020643813,-0.14996212192859407
1765410065.804985,-7.717515215379492,-0.03973935827061489,6.1657636203473025,0.14418932420434247,-0.40259373048750363,-0.15008527518444162
1765410065.805964,-7.715592893122147,-0.04972862757433722,6.172379924602611,0.14416460851339596,-0.40135976060880885,-0.15032826755616935
1765410065.809916,-7.7151714504307405,-0.05717951646081587,6.178045731395632,0.14418800025689202,-0.400109919020375,-0.1506747386982717
1765410065.812903,-7.715915357192683,-0.06181499036830047,6.182850821363276,0.14423965483358894,-0.3988704153742608,-0.15110539246781848
1765410065.815395,-7.717498342075975,-0.06351575223520134,6.1869256499005605,0.14429885242149415,-0.39767009890710175,-0.15159900252063632
1765410065.817921,-7.719601912573718,-0.062324793591560776,6.19041531471954,0.1443453208026889,-0.3965393833891158,-0.15213353255041423
1765410065.818947,-7.721913421141048,-0.05844294634124765,6.193455170901285,0.1443605388394965,-0.39550885653830214,-0.1526873322473807
1765410065.822889,-7.724125835859725,-0.05221471458114895,6.1961517393500785,0.14432893097689545,-0.3946076307061421,-0.15324033829829975
1765410065.823979,-7.72594075454477,-0.04410493163129245,6.198571471692781,0.14423885891272803,-0.3938615356170927,-0.15377518837656523
1765410065.827909,-7.727075273924843,-0.03466801462333663,6.200738572326062,0.1440833265218607,-0.3932912911430439,-0.1542781567952434
1765410065.829922,-7.727272390040154,-0.02451236512075125,6.202641624918767,0.14386033756472089,-0.39291082533379934,-0.15473983933120325
1765410065.830976,-7.726313849121153,-0.014262752829494664,6.204247330611801,0.14357288393866577,-0.39272591550988134,-0.15515553592136033
1765410065.834024,-7.724033736677527,-0.004523498275386519,6.205518355978635,0.14322858868605642,-0.3927333199019614,-0.15552529778367383
1765410065.837907,-7.720330676985793,0.004154979789557387,6.206431528780007,0.14283906736848054,-0.39292052717884896,-0.15585363066766722
1765410065.83996,-7.7151766761672045,0.011304215350844539,6.206992988810364,0.14241909255466859,-0.3932661842995944,-0.1561488845656868
1765410065.842933,-7.70862158126809,0.016559087403595203,6.207248567438536,0.1419856465006678,-0.3937411847262122,-0.15642240146564013
1765410065.844925,-7.700793478773496,0.01967213027134543,6.207289938197639,0.14155692924022215,-0.3943103258692683,-0.15668752063682448
1765410065.846034,-7.691896239947011,0.020520982534147855,6.2072584996827365,0.14115136195438793,-0.39493438811771453,-0.15695854786571328
1765410065.84992,-7.682205134396614,0.01910953076055562,6.207348401302071,0.1407866017658975,-0.39557245672017943,-0.15724978284173596
1765410065.853008,-7.672060270209153,0.015563413064113163,6.207808149681362,0.14047857327763716,-0.39618430449214515,-0.15757467369338052
1765410065.855012,-7.661856665230188,0.01012059287943504,6.2089386687957395,0.14024052575800652,-0.39673267022302455,-0.1579451355349956
1765410065.857949,-7.65202975385115,0.003117754968111363,6.211085684809063,0.14008213926634805,-0.3971852962604387,-0.1583710376712309
1765410065.859001,-7.64303596964383,-0.00502671444285556,6.214625474195662,0.1400087228859217,-0.39751662409525146,-0.1588598403467626
1765410065.862992,-7.635329223217362,-0.013832419061704472,6.219944406427431,0.14002056882357036,-0.3977090810754737,-0.1594163504042867
1765410065.864002,-7.6293351689052855,-0.022778620189953587,6.227413797578568,0.14011254144655483,-0.39775391703133367,-0.16004256275627302
1765410065.867969,-7.625425775556943,-0.03132731709148209,6.237362282530292,0.14027397977888623,-0.3976515687723892,-0.160737559439279
1765410065.869914,-7.623896735763487,-0.03894735293599674,6.250048300423414,0.14048896709606304,-0.39741155042536713,-0.16149745169875562
1765410065.872956,-7.62494976520494,-0.04513918213467915,6.265635379376743,0.1407369778276378,-0.3970518892840298,-0.16231536948694125
1765410065.874964,-7.628681114038324,-0.049459619416113466,6.284172622549997,0.14099386666735605,-0.39659814473450633,-0.163181517590089
1765410065.877953,-7.635076917597097,-0.051545338652070685,6.3055822362063845,0.1412331283545931,-0.39608205771867716,-0.16408332142855536
1765410065.879966,-7.644015480308901,-0.05113354125421513,6.329655310124267,0.1414273290206759,-0.39553988300025056,-0.1650056795911579
1765410065.882042,-7.65527611973309,-0.04807842743684626,6.356056407494313,0.14154959119237753,-0.39501046582426125,-0.16593133440465535
1765410065.884947,-7.668553706961732,-0.04236265126610869,6.384336875468865,0.1415750100508655,-0.39453314473051837,-0.16684137687661274
1765410065.887037,-7.683477560722792,-0.03410324808648069,6.413956238783199,0.14148189410358702,-0.3941455887463389,-0.16771591196035382
1765410065.889945,-7.699632919025884,-0.023551447216698673,6.444310432096136,0.14125275851733604,-0.3938817028679448,-0.16853490077245786
1765410065.893045,-7.716582904363393,-0.011085761002991575,6.474764737075284,0.1408750446721378,-0.3937697573303239,-0.1692791564110175
1765410065.895003,-7.733888908936012,0.002801863612234682,6.5046883529608674,0.14034158043841527,-0.3938309039942846,-0.16993141811243195
1765410065.897991,-7.751127684211318,0.017526368976530964,6.533487052504037,0.1396508207241489,-0.39407822018964817,-0.1704773936400053
1765410065.899979,-7.767903913315044,0.032435343744303756,6.560630602761707,0.1388069119648124,-0.39451636165020604,-0.17090665578633907
1765410065.903038,-7.783857589352792,0.046838885922325664,6.585672533007048,0.1378196075761946,-0.3951418273368157,-0.17121330291574965
1765410065.90499,-7.798666224747386,0.06004216294922126,6.608261249888401,0.13670403267606424,-0.39594376109916496,-0.17139633387152292
1765410065.907977,-7.812042769333443,0.07137919850218366,6.62814311950502,0.13548027346251498,-0.39690515337424853,-0.17145972915399757
1765410065.909966,-7.823730911445031,0.08024632686699336,6.645159550554999,0.1341727637307379,-0.39800427170397024,-0.17141226145632693
1765410065.912921,-7.833499834742758,0.08613364943324452,6.65924079388141,0.13280945781837605,-0.39921614965592517,-0.1712670743967883
1765410065.914893,-7.84114016773773,0.08865263643753521,6.670398612364522,0.13142080668485795,-0.4005139965484865,-0.17104106872227448
1765410065.918006,-7.8464619025955775,0.08755780142362014,6.6787184590512405,0.13003858306590144,-0.40187043645419585,-0.17075412737751033
1765410065.919996,-7.849294159163806,0.08276048496985541,6.684350611860049,0.12869462427407374,-0.40325852163165105,-0.17042820719637927
1765410065.920908,-7.84948635919359,0.07433348798616005,6.687499740220695,0.1274195689628364,-0.4046524871338893,-0.1700863332770384
1765410065.924926,-7.846910450463665,0.06250641672325372,6.688413099330246,0.12624165505960117,-0.40602823407448363,-0.16975154761752032
1765410065.927005,-7.841463832459567,0.04765273078001684,6.687368041247609,0.12518562822115645,-0.40736355983618355,-0.16944587403933242
1765410065.929969,-7.833072565852214,0.03027031777451108,6.684659690492079,0.12427179509942494,-0.40863818549959247,-0.16918935731006218
1765410065.930976,-7.821694558440069,0.010957727597895381,6.680589737936034,0.12351524774174825,-0.4098336492141697,-0.16899921578973015
1765410065.934928,-7.8073227743982425,-0.009612181655468828,6.67545729915647,0.12292528160209108,-0.41093313703126155,-0.1688891246388563
1765410065.937922,-7.789988897123059,-0.030720331302897537,6.669552510772872,0.12250502873175116,-0.4119213154939133,-0.1688686354500995
1765410065.938935,-7.76976797021155,-0.051631198829343146,6.663153103674307,0.12225133144231899,-0.41278421453779474,-0.16894274533097758
1765410065.942953,-7.746784148999422,-0.07162435767665218,6.656523752779944,0.12215488670306114,-0.41350918610882,-0.16911164691677036
1765410065.944919,-7.72121695863035,-0.09002721574352437,6.649917626098709,0.12220068931182415,-0.414084941891701,-0.1693707025842791
1765410065.945941,-7.69330677053373,-0.10624755603800083,6.643579265135082,0.12236878791813424,-0.4145016632366168,-0.16971067592452593
1765410065.949964,-7.663357880144199,-0.11980409431248626,6.637747675083659,0.12263534418786536,-0.4147511791936569,-0.17011822527348044
1765410065.952902,-7.631737649132144,-0.130353362589476,6.632658233997651,0.12297395545306589,-0.4148272151644521,-0.17057663892367472
1765410065.95491,-7.598870570090997,-0.13771128780356917,6.62854187489918,0.12335716911057722,-0.41472571328770574,-0.171066781883641
1765410065.957895,-7.565226690172702,-0.14186755239655258,6.625620242051529,0.12375808784086827,-0.41444521083116487,-0.17156821878839223
1765410065.958931,-7.531304526596572,-0.1429905890205809,6.624096329450001,0.12415194352195098,-0.4139872391433622,-0.17206046035861655
1765410065.962969,-7.4976094356647085,-0.14142154519619782,6.624141243796166,0.12451751115183683,-0.41335668635014283,-0.1725242523588025
1765410065.964945,-7.464629293840575,-0.13765688224756414,6.625878714261869,0.12483824989788458,-0.41256206390677674,-0.17294280487942268
1765410065.967933,-7.432810063813379,-0.13232077525794878,6.629369527043452,0.12510309706233957,-0.41161562736347723,-0.17330286362950986
1765410065.969907,-7.402534042973038,-0.12612936289978863,6.63459826403469,0.125306889998897,-0.4105333122956539,-0.17359555040854976
1765410065.973043,-7.374103180616996,-0.11984907087074399,6.6414646105319735,0.12545043264000624,-0.40933445716732564,-0.17381692617356528
1765410065.973543,-7.347728965279502,-0.11425125661741843,6.6497809562286285,0.1255402449018278,-0.40804130955475,-0.17396824582504256
1765410065.977963,-7.323529430413336,-0.11006568612115833,6.6592771423322175,0.12558803563105347,-0.4066783487008277,-0.17405588761522015
1765410065.979957,-7.301533109805243,-0.10793568012600935,6.669612340923207,0.12560993553497593,-0.4052714805715878,-0.17409095977563532
1765410065.981932,-7.281689252887225,-0.10837783734631978,6.680393330924325,0.12562552718142275,-0.403847155989354,-0.17408860741705756
1765410065.984988,-7.26388311584195,-0.11174901847182454,6.691197716814578,0.12565671413922855,-0.4024314425651596,-0.17406705908625086
1765410065.988042,-7.247954704728585,-0.11822283018830838,6.7015999570493054,0.12572647542737944,-0.4010490700317113,-0.1740464681252845
1765410065.989996,-7.233719147841453,-0.12777710469780032,6.711197866778605,0.12585755572035992,-0.3997224731384753,-0.17404762153937048
1765410065.993064,-7.220986971505752,-0.140192838021422,6.719637813163964,0.12607114867099886,-0.398470869651621,-0.17409060193373344
1765410065.994984,-7.209582716179513,-0.1550641246422521,6.726637562627731,0.12638563735110186,-0.39730942688147686,-0.17419348707863294
1765410065.998051,-7.199360297455655,-0.17181821947238973,6.73200575653388,0.12681545908708103,-0.3962485873252859,-0.17437115846470608
1765410065.999974,-7.1902134973747,-0.18974477364291958,6.735656436547929,0.12737016154875797,-0.39529363618573604,-0.1746342800808005
1765410066.002963,-7.182080558861539,-0.2080328810895914,6.737617111058896,0.12805371026975237,-0.3944445838824189,-0.17498851148556469
1765410066.004964,-7.174943113604137,-0.2258136363530608,6.738029933683849,0.12886409053371833,-0.3936963966551593,-0.17543402205232972
1765410066.008,-7.168820765637314,-0.24220506280053267,6.737146557383867,0.12979321940196173,-0.3930395555122565,-0.17596535473756383
1765410066.009974,-7.163762865541709,-0.2563562613565492,6.735317320843528,0.13082715452063556,-0.3924608844150805,-0.17657164662976263
1765410066.01301,-7.15983860215595,-0.26748847023901595,6.732975188849357,0.1319465656376633,-0.3919445712674436,-0.17723716998253125
1765410066.014921,-7.15712612961949,-0.27493177194174695,6.730614977831872,0.13312742693918928,-0.39147330390617896,-0.17794213117635763
1765410066.017924,-7.155701182056261,-0.27815679706756585,6.728768569170331,0.13434188895448787,-0.3910294512651139,-0.17866366136416512
1765410066.019924,-7.155625388061763,-0.2768007743527863,6.727976700841298,0.1355592925826296,-0.3905962301439295,-0.17937694150577138
1765410066.022925,-7.156934427915022,-0.27068693722116605,6.728758010477259,0.13674729400922614,-0.39015880353336024,-0.18005640975325585
1765410066.024972,-7.159626552402289,-0.2598360824667161,6.731576853801238,0.13787307511759672,-0.3897052567846016,-0.1806769943289566
1765410066.026936,-7.163652692982368,-0.2444692905259933,6.73681262038967,0.13890461220372544,-0.3892273974368691,-0.1812153084049476
1765410066.029965,-7.168909863183752,-0.2250014351130284,6.744733698400382,0.13981196436890608,-0.3887213270194152,-0.18165074363495037
1765410066.030985,-7.175239348299794,-0.2020258773769195,6.755478506923599,0.1405685291618657,-0.3881877413026787,-0.18196640718877352
1765410066.034903,-7.182430533034752,-0.17629134315537232,6.769044964255728,0.14115220443409113,-0.3876319292427274,-0.18214986398945113
1765410066.037933,-7.190230576424717,-0.14867220714621399,6.785289182189063,0.14154639289334892,-0.3870634575761246,-0.18219367043033902
1765410066.039918,-7.198359495311635,-0.12013327915912946,6.803933692312397,0.14174078714090296,-0.3864955481224376,-0.18209570884925733
1765410066.040976,-7.20652936763284,-0.09168997041162005,6.8245844974644205,0.14173187897941764,-0.3859441806272712,-0.18185934094423395
1765410066.044937,-7.214465566540152,-0.06436474763089534,6.84675507206797,0.14152315333154583,-0.38542698102537837,-0.1814933888700641
1765410066.04702,-7.221927595347769,-0.03914123393052118,6.869894858467587,0.14112495757061574,-0.3849619751737001,-0.1810119334077527
1765410066.049969,-7.228727227383989,-0.01691803180914758,6.893419875290856,0.14055407271465048,-0.38456630044401413,-0.18043390644658966
1765410066.052059,-7.234742098024053,0.0015350800679005308,6.916743469428754,0.13983303753326218,-0.3842549761713335,-0.17978246184038088
1765410066.055013,-7.239923584881234,0.015615776855607628,6.939305887499187,0.13898928209350409,-0.38403983808962683,-0.1790841278144153
1765410066.058037,-7.244298537286252,0.024920081132616238,6.960601869155979,0.13805411799360473,-0.3839287353859245,-0.1783677604972153
1765410066.058991,-7.247964836939461,0.029263426518371202,6.980205301278522,0.1370616166760357,-0.38392506530345805,-0.1776633298279283
1765410066.062975,-7.251080884141599,0.02869046128086223,6.997789189704707,0.1360473926194126,-0.38402767777675245,-0.17700058446811864
1765410066.06495,-7.253849272348056,0.02347295582303327,7.013138657732472,0.13504730211942895,-0.3842311304065227,-0.176407662538464
1765410066.066966,-7.25649539095321,0.014095948352811673,7.026155060620785,0.1340960723706338,-0.3845262284136716,-0.17590973363668358
1765410066.070038,-7.259242376686931,0.0012329579567430739,7.036850518899167,0.13322588463161839,-0.38490075814487046,-0.1755277701052766
1765410066.072944,-7.262284434911938,-0.01428823508664262,7.045333658433556,0.1324649472181177,-0.3853403219878958,-0.17527754631601136
1765410066.074987,-7.265760945430939,-0.03152716698278456,7.0517886868152875,0.13183611374836315,-0.3858292039638605,-0.17516894501062713
1765410066.076008,-7.269734110129125,-0.049477291919620345,7.056451049486223,0.1313556305102639,-0.3863512236702249,-0.17520560895737175
1765410066.079024,-7.274173248779496,-0.06711545152140592,7.05958360829325,0.1310321234641693,-0.3868905528176344,-0.1753849293354738
1765410066.08098,-7.278948730989157,-0.08345244544920724,7.061456987147793,0.1308659458220581,-0.3874324671099041,-0.1756983295271937
1765410066.085001,-7.283837353331361,-0.09758302125697617,7.062336133651403,0.13084899227545768,-0.38796399624949535,-0.17613179496733103
1765410066.085968,-7.288538814748822,-0.10873308218041491,7.062472942854842,0.1309650434454231,-0.3884744295090643,-0.1766666112571621
1765410066.089978,-7.292700562342924,-0.1163011508894323,7.062103050712713,0.1311906403545081,-0.3889556392452792,-0.17728028765034587
1765410066.092066,-7.295946529504727,-0.11989085493678489,7.0614441347167425,0.13149642089174698,-0.3894021975457968,-0.1779476470446931
1765410066.095028,-7.297904856605611,-0.11933174453324102,7.060693323779585,0.131848799769293,-0.38981127834426726,-0.17864205480455564
1765410066.098011,-7.298230853796022,-0.11468682326376743,7.060022575324532,0.13221185342102235,-0.3901823593451358,-0.17933674373054506
1765410066.099972,-7.296623689383794,-0.10624634216767316,7.059572598166921,0.13254927957882187,-0.3905167637032658,-0.1800061778717059
1765410066.10101,-7.292837327136667,-0.09450848170916017,7.059447057883112,0.13282632462237962,-0.3908170999496247,-0.18062738741651457
1765410066.104956,-7.28668713714646,-0.08014846206159264,7.0597088376616215,0.13301159571744486,-0.3910866597980666,-0.1811812010280613
1765410066.107994,-7.278053486601998,-0.06397830922197234,7.0603795481323,0.13307869006496406,-0.3913288220456768,-0.18165329947583722
1765410066.109914,-7.266883262806148,-0.04689992319939874,7.061443016761505,0.13300757731519594,-0.3915465000547055,-0.1820350171338764
1765410066.112968,-7.253190074588043,-0.029854317003010465,7.062853048941452,0.13278566760487376,-0.3917416649149729,-0.18232382880811168
1765410066.114942,-7.237053593548607,-0.013770045270548011,7.064544886976585,0.1324084977714252,-0.3919149723159737,-0.18252347692272758
1765410066.117953,-7.218618046492109,0.0004860976957233957,7.0664488440555555,0.13187998141586188,-0.39206551516349614,-0.18264371715075844
1765410066.120004,-7.198089502918451,0.012153246372656726,7.068504306407865,0.13121219397730607,-0.39219071495185204,-0.18269969300030484
1765410066.122925,-7.175731343781276,0.020613231404391644,7.07067252778144,0.1304246946333649,-0.3922863549639274,-0.18271099025207688
1765410066.12498,-7.151857062829447,0.025418492393580003,7.072946720963188,0.12954341775348982,-0.3923467550976003,-0.182700455368944
1765410066.127982,-7.126819691859145,0.02631041114138121,7.075358055280307,0.12859919757687832,-0.39236509359273636,-0.18269287232522563
1765410066.129948,-7.100998003297823,0.023227798958949802,7.077976914577023,0.12762602018790675,-0.39233388140293685,-0.18271358192693485
1765410066.133011,-7.074780802472094,0.01630554434405147,7.080909911911174,0.12665912126441112,-0.3922455760811876,-0.18278711409920162
1765410066.135012,-7.04855133926062,0.005863768085754139,7.084293922642895,0.1257330585982323,-0.3920932899041988,-0.18293589842901803
1765410066.137986,-7.022673955815784,-0.007611635214483456,7.08828863058611,0.12487988148020684,-0.39187152062555497,-0.18317911564348338
1765410066.140011,-6.997484657981977,-0.023495617033213716,7.093069009697271,0.12412749795497273,-0.39157682249310116,-0.18353174131457384
1765410066.143016,-6.97328622766233,-0.0410559379067083,7.0988186134362055,0.12349831257354121,-0.3912083386938916,-0.18400381195858348
1765410066.144974,-6.95034688617296,-0.05948863887070209,7.105723399570799,0.12300817975029647,-0.3907681355532036,-0.18459992196188413
1765410066.145982,-6.928900200616152,-0.07795547898062419,7.113964715665308,0.12266569872941277,-0.39026131512857115,-0.1853189466562481
1765410066.149956,-6.909143686243934,-0.09562214775607612,7.123709734333967,0.12247186687272328,-0.38969592310606227,-0.18615398577741596
1765410066.152923,-6.891234282261848,-0.11169612690995247,7.135098022304172,0.12242010188936937,-0.38908269114860605,-0.1870925285635419
1765410066.154942,-6.875279999176472,-0.12546272448624782,7.148223770538636,0.1224966342279189,-0.3884346503816104,-0.1881168465499966
1765410066.157958,-6.861328368620497,-0.1363173254331963,7.163114663075003,0.12268125766292866,-0.38776663770740194,-0.1892046124761402
1765410066.159974,-6.849353821939034,-0.1437918030166549,7.179710345634467,0.12294841019617675,-0.38709470021858766,-0.19032972270339396
1765410066.162973,-6.8392471958199605,-0.14757362275995664,7.197844852517403,0.12326853739125879,-0.3864353904979684,-0.1914632756779206
1765410066.164945,-6.830810505280416,-0.14751728168505462,7.217236967554151,0.1236096665221285,-0.38580494908784374,-0.19257464438614397
1765410066.165992,-6.823759143288084,-0.14364873575754328,7.23749073579135,0.1239390983029467,-0.38521839845636235,-0.19363258842598063
1765410066.169995,-6.817732683632627,-0.13616372655746767,7.2581068330266625,0.12422511037628124,-0.3846886074377835,-0.19460637937437564
1765410066.170947,-6.8123147538354205,-0.12542042398832554,7.278504889390094,0.12443856483495715,-0.3842253981712414,-0.19546693822007413
1765410066.174975,-6.807061360656753,-0.11192625488639939,7.298056156028862,0.12455431941289284,-0.38383476008341855,-0.19618797934529816
1765410066.175989,-6.801535367806542,-0.09631878727133486,7.316124341578653,0.12455236033615825,-0.3835182316699275,-0.1967471228738812
1765410066.179984,-6.795343377793414,-0.07934100637929031,7.33211076375411,0.12441860701606348,-0.3832725152399813,-0.19712690482268
1765410066.183011,-6.788170823515601,-0.061811781650375604,7.345499206798316,0.12414537998549163,-0.3830893814297359,-0.1973156071577887
1765410066.18397,-6.779811441639295,-0.044592489929657635,7.355896112697033,0.12373155940474793,-0.38295588924455815,-0.1973078473005263
1765410066.186005,-6.770187971771537,-0.028550722937658975,7.363062463665451,0.12318247749653188,-0.3828549112815221,-0.1971048930114866
1765410066.189987,-6.759361843340245,-0.014522072788999217,7.366934671566751,0.1225095807836228,-0.38276593334228026,-0.19671469135062467
1765410066.193008,-6.74753089390591,-0.0032713500234204705,7.367632928024447,0.12172987746780553,-0.3826660914145619,-0.19615161691306005
1765410066.195,-6.735015598158987,0.004544832447407171,7.365456665443923,0.12086516845871496,-0.3825314013607133,-0.195435956335036
1765410066.197951,-6.722235480359424,0.008411597770150037,7.360867847748652,0.11994105890626738,-0.3823381235608268,-0.19459315354845388
1765410066.200012,-6.709678148362575,0.007982625569771494,7.354463655501047,0.1189857623459392,-0.3820641960777631,-0.1936528458099374
1765410066.201932,-6.697863774440753,0.003097631822789409,7.346940797570885,0.11802873683877775,-0.38169066696246184,-0.19264773063780907
1765410066.204948,-6.687307941812567,-0.006211155047444511,7.339054204937498,0.11709922348618172,-0.3812030481728075,-0.1916123198976773
1765410066.208066,-6.6784856506352375,-0.019723688612421932,7.331573125648107,0.1162247834121429,-0.3805925006916082,-0.1905816489454495
1765410066.21152,-6.671799032271529,-0.03704666578839008,7.325237558357805,0.11542994323142836,-0.3798567586964957,-0.18959000517808278
1765410066.21202,-6.667550953379543,-0.05763568900453342,7.3207176742452145,0.11473505663197846,-0.37900071486028303,-0.18866972467857457
1765410066.215029,-6.665926007970886,-0.08082244297877293,7.318578449570153,0.11415546708677923,-0.3780366073895153,-0.18785008841145825
1765410066.217042,-6.666979336504619,-0.10584456529080936,7.319250972898991,0.11370101634490322,-0.37698377085980134,-0.18715633445950536
1765410066.22001,-6.670632757960415,-0.13187662104008382,7.323010936094506,0.11337589938613638,-0.37586794777619076,-0.18660879096586672
1765410066.223011,-6.6766775301480425,-0.15806148757346553,7.329964407989155,0.11317883572298476,-0.3747201976743081,-0.1862221326088637
1765410066.223966,-6.684783660287884,-0.18354207233445827,7.34004155482978,0.11310351256345438,-0.37357546105844863,-0.18600477659697523
1765410066.227979,-6.694516300260527,-0.20749337554903152,7.352999872227542,0.11313924638325316,-0.37247083741076314,-0.18595845592135815
1765410066.229985,-6.7053596953465435,-0.2291545940582929,7.368438629153553,0.11327179833722721,-0.3714436495534057,-0.1860780255390851
1765410066.233054,-6.716748260370659,-0.24786053699447114,7.385825000695015,0.11348427329953541,-0.3705294038415093,-0.18635156134747607
1765410066.235006,-6.728102791830219,-0.2630712615538642,7.4045300611059455,0.11375804333282755,-0.3697597945945845,-0.18676079862041106
1765410066.235972,-6.738868145553,-0.2743985042235966,7.423870587005665,0.11407366093060842,-0.3691609147035213,-0.1872819309475427
1765410066.238997,-6.748547902893835,-0.28162708889450544,7.443151828933671,0.1144117495337561,-0.36875181669771573,-0.1878867605582056
1765410066.243007,-6.756732145619986,-0.28472913593249977,7.461707180285656,0.11475386602469811,-0.3685435303409958,-0.1885441576523542
1765410066.245023,-6.763115942476342,-0.28386891148702814,7.478931888348193,0.11508332116615139,-0.36853859718598964,-0.18922174867795988
1765410066.24603,-6.767507796234225,-0.279396844110219,7.494309007074322,0.11538592657092814,-0.3687311375360275,-0.18988771754984415
1765410066.25005,-6.769828932497096,-0.2718325278993136,7.507427130071619,0.11565062233529928,-0.36910742365873794,-0.19051258170524646
1765410066.252993,-6.7701057114919605,-0.2618379298952152,7.517990961683026,0.11586993853262431,-0.36964689677831125,-0.19107080645536353
1765410066.255062,-6.768457927732478,-0.2501829095278403,7.525826340135368,0.11604025766840598,-0.37032353662286527,-0.191542147166724
1765410066.257998,-6.765085042316906,-0.2377053286973934,7.530880509736192,0.11616186545558743,-0.3711074718262777,-0.191912646497707
1765410066.260023,-6.7602512082485,-0.2252678750397597,7.533217436300727,0.11623879552198725,-0.37196670827650385,-0.19217524540241668
1765410066.262986,-6.75426919978813,-0.21371373600526336,7.533007876773885,0.11627848832476463,-0.37286885154334554,-0.19232998872355733
1765410066.265005,-6.747483068372221,-0.2038234368382938,7.530514350110281,0.11629129717655569,-0.37378270558674204,-0.1923838301140613
1765410066.265987,-6.740249124857289,-0.19627509762018744,7.5260713175383005,0.11628988387400548,-0.37467964009793947,-0.19235007018822817
1765410066.269968,-6.73291491468606,-0.19160993387659095,7.520061130050203,0.11628854873897183,-0.375534637538461,-0.19224748481150006
1765410066.271028,-6.7257967387751485,-0.19020434269981187,7.512887393544853,0.11630253139038305,-0.3763269625295797,-0.19209920849694442
1765410066.275041,-6.719157621529202,-0.1922496996668366,7.504948775726699,0.11634730144582514,-0.37704043545278176,-0.19193143629748083
1765410066.276047,-6.713188322873789,-0.197740934144789,7.4966165464160675,0.11643784081810868,-0.37766333158638843,-0.19177200620901586
1765410066.280127,-6.707993609488999,-0.20647472804979555,7.48821812633702,0.11658790954264556,-0.37818796538744115,-0.19164892471532874
1765410066.283009,-6.703585224240606,-0.21805771866239648,7.480027798121718,0.11680928923926842,-0.3786100545068181,-0.19158889643955054
1765410066.285041,-6.699882397000383,-0.2319245488420928,7.472265106177323,0.11711101292319501,-0.37892798119895993,-0.19161591518250445
1765410066.287999,-6.6967200914584515,-0.2473650510313281,7.465100715597129,0.11749861341293003,-0.379142070117769,-0.19174997381928413
1765410066.29,-6.6938642425075034,-0.26355917572407306,7.458668321983602,0.11797344762512442,-0.37925397818578255,-0.19200595436171902
1765410066.291093,-6.6910323694160985,-0.2796175828582615,7.453080351394943,0.11853217264998689,-0.3792662540507606,-0.1923927553954316
1765410066.294985,-6.687917491721303,-0.2946254993059241,7.448445066891041,0.11916645354324534,-0.3791820906251029,-0.19291269412189327
1765410066.296069,-6.684213012507891,-0.3076877379000416,7.444882590151211,0.11986296502904321,-0.37900527557912717,-0.1935611956069204
1765410066.300154,-6.679635917557247,-0.3179733268899586,7.442536744987124,0.12060371295829486,-0.37874033273446683,-0.1943267716749636
1765410066.303503,-6.673945592262761,-0.32475835221056715,7.441579378982712,0.12136666225904859,-0.37839282572340616,-0.19519129808662597
1765410066.305016,-6.6669563705634785,-0.3274651141683686,7.442205149970361,0.12212662804427762,-0.377969761187131,-0.19613060400264126
1765410066.307987,-6.658543620702747,-0.32569503902398095,7.44461756534093,0.12285636346411374,-0.3774799961004393,-0.19711537787458905
1765410066.309054,-6.648644881183173,-0.31925273763576445,7.449009733375549,0.12352775999766476,-0.3769345401628573,-0.19811237048666097
1765410066.311038,-6.6372582623228205,-0.3081594514893508,7.455544337211727,0.1241130708276291,-0.3763466587604093,-0.19908585019008554
1765410066.314979,-6.624439802082159,-0.2926554245494552,7.464336682235502,0.12458608020011357,-0.37573172164523194,-0.19999924663665988
1765410066.317983,-6.610300292940626,-0.2731917746648665,7.475443076260298,0.12492316496619872,-0.37510679468595354,-0.2008169083762444
1765410066.319939,-6.595000928685719,-0.2504128379204795,7.488854858317757,0.1251042215223848,-0.3744900202991403,-0.2015058911676036
1765410066.323037,-6.578746414433154,-0.22512987480747393,7.504496638960506,0.12511345731820273,-0.37389986200449005,-0.20203768461856186
1765410066.324946,-6.561774351050083,-0.1982868712661212,7.522226629193505,0.12494006183011193,-0.37335429504485995,-0.20238977811301775
1765410066.327962,-6.54434075251869,-0.17091925791942764,7.541837614354693,0.12457876794220346,-0.37287001510416673,-0.20254696814980228
1765410066.330123,-6.526702765011414,-0.14410675509332532,7.563058270281845,0.12403029356388438,-0.37246172012764606,-0.2025023208552757
1765410066.331022,-6.509100273363023,-0.1189220639820963,7.585555205192604,0.12330162857614888,-0.3721414987673415,-0.20225772464721903
1765410066.334994,-6.491738144687425,-0.09637758914189089,7.60893648721662,0.12240611597862931,-0.3719183339324064,-0.20182399367285078
1765410066.338037,-6.47477084417226,-0.07737276913108404,7.632757847114064,0.12136327308483923,-0.3717977082257993,-0.20122050550306694
1765410066.340023,-6.45829104626225,-0.0626449771193489,7.656532736002735,0.12019830790339565,-0.37178128910251157,-0.20047437423981146
1765410066.342977,-6.442323294057188,-0.05272729590307909,7.679746420256634,0.11894130460496155,-0.3718666785283656,-0.19961917851368996
1765410066.343999,-6.426822942770749,-0.047916591410318676,7.701873040144936,0.11762608043048398,-0.37204722866391676,-0.19869329037477368
1765410066.34798,-6.411680230626134,-0.048255027574600054,7.722394343431161,0.11628875722215327,-0.3723119418158876,-0.1977378864045419
1765410066.350029,-6.396729437068702,-0.05352738127240645,7.740819606492937,0.11496613732483665,-0.37264548463268365,-0.19679476109690602
1765410066.353021,-6.381763104978551,-0.06327516332122426,7.756706760573333,0.11369400674977946,-0.37302835376169946,-0.1959040977994364
1765410066.355012,-6.366550876202725,-0.07682671113782932,7.769684277712714,0.11250549418723196,-0.37343723186852745,-0.19510237279348455
1765410066.358096,-6.350861890508788,-0.09334049121271744,7.779472685977313,0.11142959571016477,-0.3738455649868229,-0.19442055951372292
1765410066.360073,-6.334489193983487,-0.11185738897011652,7.785904478289213,0.1104899419350425,-0.3742243723722927,-0.19388276088688025
1765410066.363019,-6.317274065288569,-0.13135708895111697,7.788941268627426,0.10970384639608707,-0.37454327237129614,-0.19350534098679167
1765410066.365007,-6.299127497773374,-0.1508137552041517,7.788686472375462,0.10908164346128076,-0.37477168481123924,-0.19329656485536145
1765410066.368003,-6.280045701190171,-0.16924697706750166,7.785390780292662,0.10862631193060786,-0.37488016241444244,-0.19325669761056163
1765410066.369974,-6.260117043091452,-0.1857651724061176,7.779447592592841,0.10833338364362255,-0.3748417998379359,-0.19337847562545804
1765410066.372974,-6.239519343176763,-0.19960007121737744,7.77137707688936,0.10819114276819042,-0.3746336480616666,-0.19364785210005087
1765410066.374956,-6.218508180823835,-0.2101321923745205,7.761799812996492,0.10818112291199389,-0.3742380300250248,-0.19404492937177553
1765410066.37805,-6.197398358684572,-0.21690808588305266,7.751402963815588,0.10827890353776869,-0.3736436427143322,-0.1945450095131172
1765410066.380056,-6.176541801252048,-0.21965048566033415,7.740903095519665,0.10845519372602251,-0.3728463547354261,-0.1951197169017406
1765410066.383012,-6.15630561994694,-0.21826256375458203,7.7310098833531535,0.10867717278465526,-0.3718496469067798,-0.19573816607067418
1765410066.384037,-6.137053248924225,-0.2128272849910161,7.722393738703338,0.10891003788526567,-0.37066467595002867,-0.19636816308133614
1765410066.387989,-6.1191296565695446,-0.2036023001505608,7.715658461820607,0.10911868929415729,-0.36930996614291306,-0.19697744164230407
1765410066.390065,-6.102849896206892,-0.19100987817954349,7.7113186253571255,0.10926946395024721,-0.36781075436826827,-0.19753494038886096
1765410066.393055,-6.088489666397295,-0.17562060269581703,7.709781136679214,0.10933181329598328,-0.3661980287809468,-0.19801210958178297
1765410066.394053,-6.076276967756631,-0.15812976743089696,7.711330803810164,0.10927981758294389,-0.3645073094547836,-0.1983841943894897
1765410066.397171,-6.0663846415674465,-0.139326797538131,7.716120010402255,0.10909343941368123,-0.3627772249720539,-0.19863140612923685
1765410066.400069,-6.058924150792685,-0.12005972117771364,7.724162671957719,0.1087594448712412,-0.36104794653901207,-0.19873989148044116
1765410066.403046,-6.05394149898725,-0.10119751299716596,7.735332974853707,0.10827195756955131,-0.3593595478537017,-0.1987024419546455
1765410066.40409,-6.05141666429918,-0.08359268052105139,7.749370216873805,0.1076326487973792,-0.3577503550128566,-0.19851892299696813
1765410066.408161,-6.051267785947235,-0.06804553687713641,7.765891475130595,0.10685059349050174,-0.3562553386043748,-0.19819641664950144
1765410066.409971,-6.05336006954681,-0.055271147013721086,7.784412572032203,0.10594183167737947,-0.35490460214572317,-0.19774906496417569
1765410066.413016,-6.057517593933004,-0.045870072087631844,7.8043752890248825,0.10492867285909158,-0.35372204787694733,-0.19719759838256853
1765410066.415059,-6.063535317977765,-0.040304183526906234,7.8251770997895855,0.10383877564478301,-0.35272432483516614,-0.19656855073161092
1765410066.416949,-6.071189188097701,-0.038878590237281525,7.8462001517465545,0.10270403134991975,-0.3519201507194072,-0.19589319171354172
1765410066.419992,-6.080243525520996,-0.04173029065176658,7.866837793903953,0.10155927653039647,-0.35131005356032763,-0.19520623207570897
1765410066.423022,-6.0904558177261645,-0.04882376343454871,7.886517930614899,0.10044085609061776,-0.3508865364122899,-0.19454436965392738
1765410066.425031,-6.1015795229186365,-0.059953313758855986,7.904722684237646,0.09938506276227291,-0.35063464555392493,-0.19394474691403188
1765410066.425994,-6.113365889100842,-0.07475161386901776,7.92100425524987,0.09842649621244834,-0.35053290601623105,-0.19344338169990954
1765410066.430013,-6.1255660499772295,-0.09270384663109278,7.934997700387683,0.09759641110069038,-0.3505545649172828,-0.1930736152116798
1765410066.431011,-6.137934377564689,-0.11316733291378366,7.946431691223907,0.0969211464674286,-0.3506690657854654,-0.1928646101757389
1765410066.434035,-6.150233241801201,-0.13539691000443624,7.955137653717181,0.09642074106418051,-0.35084368114621794,-0.19283994566990745
1765410066.437035,-6.162238517214461,-0.15857581334291976,7.961056740813563,0.09610783873046369,-0.3510452432622389,-0.19301638761655063
1765410066.440024,-6.173744819718751,-0.18185049499145303,7.964243669848749,0.09598697413745982,-0.35124190813797235,-0.19340293422533109
1765410066.442016,-6.184569455748023,-0.2043667949825204,7.9648664024730715,0.09605430249089385,-0.35140486552443867,-0.19400021891925553
1765410066.445011,-6.1945542440501935,-0.2253050336191393,7.963200527254023,0.09629780099551304,-0.3515098922616978,-0.19480030715649177
1765410066.446086,-6.203564806031294,-0.24391257540682443,7.959617311712033,0.09669793164662435,-0.35153864975721444,-0.19578687735527933
1765410066.450001,-6.211487585136015,-0.25953320183371,7.954565183138712,0.09722871963102944,-0.35147963728621473,-0.19693575192460913
1765410066.451024,-6.218225419958841,-0.2716326751876733,7.948545594780604,0.09785917129909284,-0.3513287246307081,-0.19821574146569534
1765410066.455052,-6.2236927504161725,-0.279819476715241,7.9420851407982775,0.09855493080604294,-0.3510892101452099,-0.19958976750872995
1765410066.456032,-6.22781157754683,-0.28385948156868185,7.935706136237462,0.09928005795591861,-0.35077138590674034,-0.2010162231441728
1765410066.459994,-6.230509159641644,-0.2836836693749092,7.9298979169711,0.09999880755136283,-0.35039162613628133,-0.20245051558743746
1765410066.463008,-6.23171797988332,-0.2793887799066108,7.925091051985137,0.10067730531971456,-0.34997104421165964,-0.2038467198442034
1765410066.465007,-6.2313778641636555,-0.27123166086303896,7.921636405067343,0.10128503940877397,-0.3495338014671603,-0.20515927113826538
1765410066.467996,-6.229439637688471,-0.2596184183614816,7.919790352661764,0.10179610752866593,-0.3491051988288613,-0.20634464001860942
1765410066.46904,-6.2258695112857305,-0.24508917632479416,7.9197065198849685,0.10219017534700332,-0.34870971356181757,-0.20736295478997752
1765410066.473027,-6.220653275982901,-0.22829860491306075,7.921433593139538,0.10245311711826485,-0.348369138474804,-0.20817953973923012
1765410066.474028,-6.213799377468349,-0.20999204437394742,7.924918636734381,0.10257732602266947,-0.34810095745174696,-0.2087663194939031
1765410066.47814,-6.20534028984935,-0.19097741299365745,7.93001569773282,0.10256169546777154,-0.3479170784199729,-0.20910301863264044
1765410066.47864,-6.195332163781983,-0.17209385973048316,7.936499390973192,0.10241128406108276,-0.3478230398436356,-0.2091780833278089
1765410066.481106,-6.183853073448462,-0.15417866008269976,7.944082323719836,0.10213669175268807,-0.3478177773454127,-0.20898927093133224
1765410066.485054,-6.171000375988525,-0.1380338421040494,7.952434699723151,0.10175319430609268,-0.34789396689955354,-0.20854387759501178
1765410066.486024,-6.156888028923718,-0.12439374383133267,7.961205033522062,0.10127970130129815,-0.3480388739818132,-0.20785858702856425
1765410066.490029,-6.141644942348374,-0.11389458069574414,7.970041759227106,0.10073761353415106,-0.34823557262972554,-0.20695892587505557
1765410066.493058,-6.125415029399719,-0.10704723179500009,7.97861540243817,0.10014966025420646,-0.34846437367627386,-0.20587831602738432
1765410066.495008,-6.108358716283021,-0.10421466765914861,7.986640095805343,0.09953879629037686,-0.34870431322324796,-0.2046567306943523
1765410066.498052,-6.0906550860074375,-0.10559568218889182,7.993892643606342,0.09892722954183852,-0.34893458644543557,-0.20333898941754447
1765410066.499058,-6.0725038565985585,-0.1112168148784645,8.00022737511281,0.09833562931449293,-0.3491358500804422,-0.2019727664476879
1765410066.503023,-6.054126487710161,-0.12093415361771291,8.005585190735355,0.097782541090601,-0.34929134223339353,-0.20060643544405513
1765410066.505099,-6.035765516810232,-0.1344455818174496,8.009995500147484,0.09728400781545568,-0.34938777598725157,-0.199286918998354
1765410066.506089,-6.0176811519142515,-0.15131216277988013,8.013570622001877,0.09685337328819114,-0.34941596760164323,-0.1980577264458666
1765410066.509062,-6.000144527619108,-0.1709857304553743,8.01649338909034,0.09650122433480143,-0.349371177407065,-0.196957325731514
1765410066.513003,-5.983427539924381,-0.19283918186527774,8.018999312149688,0.09623541897304538,-0.3492531705246976,-0.1960179184813667
1765410066.515082,-5.967789432535963,-0.21619632666542984,8.02135453510514,0.09606114643136934,-0.34906602793662456,-0.19526461515664387
1765410066.518044,-5.953460446514765,-0.24035888916590867,8.023830701470008,0.09598097278248621,-0.3488177453391038,-0.1947149672301872
1765410066.52005,-5.9406232085095505,-0.2646291333936657,8.026678296450363,0.0959948482529741,-0.34851965421677256,-0.19437879858506163
1765410066.523005,-5.929393179928343,-0.28832764231696395,8.030100778145087,0.09610008471444802,-0.34818569684007167,-0.19425827401339163
1765410066.525008,-5.91980013755091,-0.3108069559237833,8.034232204128688,0.09629133830797865,-0.3478315861349877,-0.19434814733048444
1765410066.526036,-5.91177298147769,-0.33146273777217683,8.03912074469885,0.09656064083380711,-0.3474738822771155,-0.19463614745867958
1765410066.530048,-5.90513012903294,-0.34974451373343585,8.044719778292526,0.09689751592297452,-0.34712902104774235,-0.1951034843524918
1765410066.53102,-5.899577489311484,-0.36516764165522203,8.050887708260753,0.09728919994628328,-0.3468123300468994,-0.19572547980639596
1765410066.535112,-5.894715449920474,-0.3773272280589177,8.05739710221817,0.09772097057025562,-0.346537066619229,-0.19647234161507807
1765410066.538064,-5.890055329299842,-0.38591361985187705,8.063952758666467,0.09817657342428596,-0.3463135178193452,-0.19731009928692542
1765410066.539982,-5.8850446852296505,-0.39072817412790267,8.07021709150692,0.09863873154143232,-0.3461482238413972,-0.1982017099777838
1765410066.543059,-5.8791001854898495,-0.39169741271618475,8.075840572735542,0.09908972025030852,-0.346043402900243,-0.19910832857042324
1765410066.544983,-5.871646314371574,-0.3888835795249808,8.080494952507367,0.09951198786749726,-0.3459966475785872,-0.19999071534658608
1765410066.54803,-5.862157548348062,-0.3824901075849831,8.083906856365235,0.09988880065630898,-0.34600093912910107,-0.2008107323478935
1765410066.549979,-5.850200830370774,-0.37286122834365737,8.085888846545682,0.10020489395911811,-0.34604500498858876,-0.2015328665436203
1765410066.552991,-5.835474719183495,-0.36047532220653733,8.086364701858248,0.10044711947839816,-0.3461140183131416,-0.20212572010338542
1765410066.555041,-5.817841714485349,-0.34593142357093604,8.085386076486879,0.10060508145375463,-0.3461905894311706,-0.20256341533318953
1765410066.55605,-5.7973507401870314,-0.32992810705364195,8.083138731253573,0.10067174349429772,-0.3462559399361292,-0.20282685772093248
1765410066.559033,-5.774247482635959,-0.31323453558659914,8.079937768725891,0.10064396658943962,-0.34629111695431164,-0.20290478286403346
1765410066.563027,-5.748971328721943,-0.29665480777637604,8.07621245319533,0.10052291994936106,-0.34627811465128155,-0.20279449947716038
1765410066.565002,-5.722138848819344,-0.2809881515070887,8.072482027882883,0.10031430134616072,-0.34620080354871136,-0.20250224952729973
1765410066.56807,-5.694514652059357,-0.2669881563945021,8.069324358375223,0.10002831518356987,-0.34604560390107025,-0.2020431375728291
1765410066.570056,-5.666970978817289,-0.2553239617736408,8.06733953800816,0.0996793776772528,-0.34580187954522235,-0.20144062009577815
1765410066.571055,-5.640438078382256,-0.24654559293759765,8.067111039086633,0.09928554096009906,-0.3454620806004617,-0.20072557819106174
1765410066.575001,-5.615848361319102,-0.24105503267712483,8.069167155012169,0.0988676506134123,-0.3450217101602968,-0.19993501644424633
1765410066.578006,-5.594078015129593,-0.23908438665467877,8.073944943720996,0.09844827817663365,-0.3444792021118527,-0.19911043858038907
1765410066.580015,-5.575889968648167,-0.24068253396856504,8.081758214577945,0.09805050129688903,-0.34383577034691104,-0.19829595668520425
1765410066.582973,-5.561882085202896,-0.2457115813818378,8.092771006130505,0.0976966299625534,-0.3430952536768114,-0.1975362074943981
1765410066.585004,-5.55244443072605,-0.2538538867894654,8.106978142273636,0.09740698562137332,-0.3422639621923307,-0.19687417853449912
1765410066.588013,-5.547729135681446,-0.26462930266345774,8.12419421577944,0.09719882726211615,-0.34135052114792436,-0.1963490746447871
1765410066.589042,-5.547635599076923,-0.2774210070101549,8.144052121159119,0.09708549171093149,-0.34036568662837596,-0.19599435972881551
1765410066.593019,-5.551812872642744,-0.29150752170347966,8.166012720344051,0.09707578381968583,-0.33932208150871995,-0.19583608236481007
1765410066.5951,-5.55968022692831,-0.30609865161830113,8.189387742677853,0.09717362249590708,-0.3382338021036589,-0.19589155609448453
1765410066.596068,-5.570465737867826,-0.32037376297338344,8.213377054955133,0.0973779259184452,-0.337115885755069,-0.19616844116951818
1765410066.599067,-5.583260805173835,-0.3335212720565314,8.237118707603583,0.09768270770289679,-0.3359836801355122,-0.19666426896849987
1765410066.602167,-5.597086262835527,-0.34477799546141963,8.259747343662651,0.0980773552914298,-0.3348521824808786,-0.19736644546864868
1765410066.605081,-5.61096413865503,-0.3534664367667339,8.2804552858343,0.0985470686432072,-0.33373541462436535,-0.19825274756938968
1765410066.60609,-5.623988532109133,-0.3590278299010085,8.298550713843797,0.09907344612740994,-0.33264588568840403,-0.19929228684227504
1765410066.61004,-5.635389197755857,-0.36104912411206114,8.31350773522777,0.09963520981369249,-0.3315941858032873,-0.20044687825988272
1765410066.613028,-5.64458213416152,-0.359282787431348,8.325003679622435,0.10020905900873386,-0.3305887516641519,-0.20167273218128395
1765410066.615055,-5.651202947350424,-0.3536588930595671,8.332940130544896,0.10077062800152438,-0.32963583653761996,-0.2029223853709533
1765410066.61606,-5.655120663195964,-0.34428926261823184,8.337445848862707,0.10129550704183421,-0.32873969483906984,-0.2041467916958214
1765410066.618996,-5.6564313011409855,-0.33146349178658785,8.338861120539574,0.1017602719344485,-0.32790295919097484,-0.20529749868743416
1765410066.623017,-5.655431785940194,-0.3156365446573481,8.337704233809541,0.1021434612642521,-0.327127159786757,-0.20632883594907778
1765410066.624999,-5.652576263838612,-0.29740753743586595,8.334622441277633,0.102426441066086,-0.32641332132504197,-0.20720002617220004
1765410066.628042,-5.648418881887051,-0.2774898594434574,8.330331886148059,0.10259410288430888,-0.32576256994572383,-0.20787709970431673
1765410066.630028,-5.643549018675133,-0.2566741350265128,8.325552639150727,0.10263535296543738,-0.3251766862225824,-0.20833447033580527
1765410066.632991,-5.638526040396337,-0.23578710458841615,8.320945444459873,0.10254337057249059,-0.3246585488680895,-0.20855604026525476
1765410066.635068,-5.633820595112054,-0.2156502349593585,8.317056189771236,0.10231564137636584,-0.32421242382973964,-0.20853575254239495
1765410066.638045,-5.629768413875608,-0.19704127063811352,8.314273178829247,0.10195380022354916,-0.32384405654398213,-0.20827757926224794
1765410066.640097,-5.626540846166505,-0.18066052455720538,8.312801225997262,0.1014633372931418,-0.3235605231387569,-0.20779499293093037
1765410066.64302,-5.62413420077591,-0.16710243072329867,8.312654952123395,0.10085322735890054,-0.32336980899890605,-0.20710999829675164
1765410066.64502,-5.622377758440808,-0.15683232143592776,8.31367113793213,0.10013553274880223,-0.3232801234915838,-0.20625180687072694
1765410066.646015,-5.620958485726927,-0.150168517626721,8.31553729580007,0.0993250109483409,-0.3232990105200595,-0.20525523416132793
1765410066.650015,-5.619459211826037,-0.14727025816150974,8.317831978687057,0.09843873599765537,-0.32343234588808684,-0.20415890291211644
1765410066.653019,-5.617406170060026,-0.14813231577281186,8.320072140928227,0.09749572448454721,-0.3236833150017637,-0.20300334497976566
1765410066.655068,-5.61432109987363,-0.1525870616791545,8.321763293619465,0.0965165413830647,-0.3240514510918362,-0.2018291037221242
1765410066.658086,-5.609772614339212,-0.16031425512086514,8.322448392802256,0.09552284917347079,-0.32453179911941826,-0.20067493901113564
1765410066.660036,-5.603421675451621,-0.17085824590676643,8.321751494347387,0.09453686267473714,-0.32511426012544137,-0.19957622259876406
1765410066.663048,-5.595057079392992,-0.1836518985225808,8.319412950684553,0.0935806860221195,-0.32578316468442226,-0.198563588092223
1765410066.665091,-5.584618490142154,-0.19804639864130352,8.315314389085001,0.09267553242233952,-0.32651712017364587,-0.19766187990665443
1765410066.66711,-5.572205926758468,-0.213345892207826,8.30949292638432,0.09184085479817912,-0.32728917783317457,-0.19688943604884723
1765410066.670081,-5.558075219628558,-0.2288452868664226,8.302144217127191,0.09109344263986457,-0.32806737397950775,-0.19625773677558023
1765410066.673111,-5.542619246261263,-0.2438684940654054,8.29361352512669,0.09044656252146671,-0.32881570084156286,-0.19577144361181054
1765410066.675031,-5.526335605125543,-0.25780342134320766,8.284374367952461,0.08990922774368984,-0.3294955346437058,-0.1954288269100179
1765410066.677078,-5.509783074069615,-0.27012993184280887,8.274995854016092,0.08948567033542901,-0.33006749049705697,-0.1952225326258404
1765410066.680255,-5.4935311261628215,-0.2804381687991982,8.266101649581579,0.0891750614464515,-0.33049360725861526,-0.19514059011269602
1765410066.683106,-5.478108106779959,-0.2884366349941958,8.258324476428527,0.08897149727114569,-0.33073971012527453,-0.19516754031893577
1765410066.685023,-5.463954074394745,-0.29395123360010433,8.252260180287436,0.08886424642361218,-0.3307777573511387,-0.19528557692727727
1765410066.688011,-5.451383885456133,-0.29691741964687257,8.24842545318636,0.08883824137266609,-0.3305879499083451,-0.19547562488475054
1765410066.690021,-5.440564882012034,-0.2973677249644624,8.247223284350028,0.08887478751724373,-0.3301603797261457,-0.19571830706255047
1765410066.693075,-5.431511438086924,-0.29541669133824877,8.248919402333332,0.08895245494191344,-0.32949602829578584,-0.19599476245050568
1765410066.695026,-5.424096084300884,-0.2912450154643258,8.25363123859501,0.08904810534922482,-0.32860700374007074,-0.19628729081972154
1765410066.698044,-5.418074927255325,-0.285084488974008,8.261329303590903,0.08913799035705898,-0.3275160000162288,-0.196579820650921
1765410066.700138,-5.41312402095014,-0.2772050078050923,8.271849953057858,0.08919884754947806,-0.3262550492526734,-0.1968582226787455
1765410066.703069,-5.408882654053716,-0.2679044010872912,8.284917714912746,0.0892089269913873,-0.32486370377586893,-0.19711050776108674
1765410066.705049,-5.404998751576424,-0.2575009794437484,8.300174181343563,0.08914889884118743,-0.3233868283153919,-0.19732695082592114
1765410066.708093,-5.401171235361686,-0.24632772475744213,8.31720968419835,0.08900261131226775,-0.32187220337000333,-0.19750016996536715
1765410066.709083,-5.397184734235494,-0.23472657298260707,8.335594255031447,0.08875768437214035,-0.3203681308368721,-0.1976251579462543
1765410066.712991,-5.392933087864088,-0.22304182019459465,8.354905182173644,0.08840593857250903,-0.31892119430700216,-0.19769922636379872
1765410066.71516,-5.38842903463121,-0.21161302412582492,8.374748917231464,0.08794366587004333,-0.3175742779364734,-0.19772181381489168
1765410066.71808,-5.383798442761928,-0.20076877223752648,8.394775152574024,0.08737174676093842,-0.3163649141902969,-0.19769414924135917
1765410066.720077,-5.379259026282447,-0.19082236202244898,8.414681325256886,0.08669560948939031,-0.3153240152914005,-0.19761882977577852
1765410066.723078,-5.37508574906983,-0.18206894011743388,8.434207114800019,0.0859250200280761,-0.3144750198624911,-0.1974994206703929
1765410066.725079,-5.371567364765411,-0.17478226105243191,8.453120530433619,0.08507369126038009,-0.3138334359335362,-0.19734017674313317
1765410066.728051,-5.368960035800837,-0.16920923968643473,8.471199324550955,0.08415870838643309,-0.3134067066780571,-0.19714592596051603
1765410066.730051,-5.367444444612686,-0.16556193758658222,8.488212887254882,0.08319978476216441,-0.31319430555401045,-0.19692208787252719
1765410066.732024,-5.367092146277543,-0.16400832170514165,8.503909566099468,0.08221838472526692,-0.31318799190010294,-0.19667476416160398
1765410066.735034,-5.367845117420317,-0.16466376563694235,8.518012388037132,0.08123677028422893,-0.31337220171510133,-0.1964108453589828
1765410066.736004,-5.369510118042857,-0.1675846184403171,8.530223771455873,0.08027704005198577,-0.31372458484023635,-0.1961381025622893
1765410066.740018,-5.371767549169076,-0.17276411429099375,8.540238550088318,0.07936022993472087,-0.31421671880629,-0.19586524367328628
1765410066.742996,-5.374193287268681,-0.1801303901521102,8.547764351849564,0.07850553714331916,-0.3148150311890832,-0.19560190201004876
1765410066.745046,-5.376291053633563,-0.18954657816393639,8.552547749729671,0.07772971210907996,-0.315481947552701,-0.19535851257239045
1765410066.748045,-5.3775319128697925,-0.20081329588191188,8.554403225199943,0.07704663860256712,-0.316177254541998,-0.195146042144892
1765410066.75004,-5.3773968048740635,-0.21367386212069825,8.553240904183554,0.07646709702041186,-0.3168596368292411,-0.19497557453207442
1765410066.75107,-5.375418034728327,-0.22782219900302894,8.54908925909642,0.07599868578307287,-0.31748832015734246,-0.1948577917681067
1765410066.754082,-5.371216259108933,-0.24291289179673659,8.542110263465903,0.0756458634898358,-0.3180247315884616,-0.19480241644309093
1765410066.756133,-5.3645301520373865,-0.2585724662283149,8.53260569140138,0.07541006892765016,-0.3184340774074411,-0.19481768155989626
1765410066.760086,-5.355236383148541,-0.27441077699536376,8.521013743128652,0.07528987576179912,-0.31868675030856614,-0.19490987591164588
1765410066.762987,-5.3433581854034,-0.2900316909079003,8.507895443509707,0.0752811455945755,-0.3187595068275646,-0.19508298467902696
1765410066.764986,-5.329061854881929,-0.3050430053624543,8.493910947347903,0.07537716056285078,-0.31863638005191475,-0.19533842076380226
1765410066.768023,-5.312641654028211,-0.31906630236472,8.479786915216566,0.07556874151167045,-0.3183092983053476,-0.19567483729481594
1765410066.770033,-5.294494519239377,-0.3317475240795992,8.466277153552573,0.07584437891163934,-0.3177783811330219,-0.19608802837421474
1765410066.771042,-5.275086890734797,-0.34276830886141585,8.454119600228916,0.07619041236784502,-0.317051895669815,-0.19657094288732696
1765410066.775027,-5.254916899251373,-0.3518571809990528,8.443993234891234,0.07659129021303364,-0.3161458755146482,-0.19711383031123836
1765410066.778005,-5.234475709348742,-0.35879934164975824,8.436478389152283,0.07702992679742378,-0.315083416277969,-0.19770450966405312
1765410066.778994,-5.214211881163449,-0.36344424482191595,8.43202353066524,0.07748815638050072,-0.313893664577184,-0.19832872833027568
1765410066.783059,-5.19450224973062,-0.36571085180480095,8.430921172630748,0.07794726434834026,-0.3126105239574647,-0.19897057587112213
1765410066.785022,-5.175631904407531,-0.3655907841917547,8.433294680598122,0.07838856233784455,-0.311271121247549,-0.19961293696381496
1765410066.786056,-5.157784294378878,-0.3631493001224717,8.439096125141237,0.07879396565185777,-0.30991409904635636,-0.200237988605649
1765410066.789986,-5.141040845085616,-0.3585234634498137,8.448113864947208,0.07914653153763185,-0.30857780949004576,-0.20082774852728807
1765410066.793018,-5.125388620097848,-0.35191673813048047,8.459988378836679,0.07943092515960201,-0.30729848692933925,-0.20136465988738983
1765410066.796063,-5.110734650386247,-0.34358992051931947,8.474235631737056,0.07963379171237835,-0.3061084897446137,-0.2018321708144916
1765410066.798102,-5.096925769492056,-0.33384949731332936,8.49027738884492,0.07974402620914826,-0.305034725718638,-0.2022152600573986
1765410066.800074,-5.083772493178609,-0.3230353132015973,8.50747677133126,0.0797529498538707,-0.3040973912132405,-0.20250087758806487
1765410066.803201,-5.071075035295324,-0.31150920253410735,8.525176193805247,0.07965442135337618,-0.3033091374343424,-0.2026782971508599
1765410066.805029,-5.058649558810786,-0.29964519741007917,8.542734901194398,0.07944492282067118,-0.3026747214126938,-0.20273939651522288
1765410066.808053,-5.046353001591554,-0.2878209018940841,8.55956421347495,0.07912365457826147,-0.3021911285589554,-0.2026788806337704
1765410066.810044,-5.03410472645664,-0.2764092235904156,8.575159061340859,0.0786926523518751,-0.3018481025428565,-0.20249444965335955
1765410066.811026,-5.021902895916871,-0.26576983146188693,8.589124142359191,0.07815691365593869,-0.3016290011179052,-0.20218690102258785
1765410066.81507,-5.009833366263836,-0.2562401199944174,8.601192654985914,0.07752449809231278,-0.3015119009986342,-0.20176014889693922
1765410066.818038,-4.99806928594096,-0.24812589379072852,8.611235656532182,0.07680655335461163,-0.30147088292862867,-0.20122114527549792
1765410066.820062,-4.986860438926187,-0.24169230287254662,8.61926085720286,0.0760172158600322,-0.30147743288138784,-0.20057969723472216
1765410066.823042,-4.97651254928724,-0.23715554768617164,8.625400887199893,0.07517334428181226,-0.30150190026629775,-0.19984819007008117
1765410066.825006,-4.967358000048751,-0.23467551052877564,8.629892123443392,0.07429406545223792,-0.3015149614570667,-0.19904123507849553
1765410066.828063,-4.959720541099026,-0.23434921145851798,8.63304573202481,0.07340013867276039,-0.30148904076614724,-0.19817525295883384
1765410066.830043,-4.953877597016274,-0.23620540189969635,8.635213214979604,0.07251317008362547,-0.3013996329578367,-0.19726798633086942
1765410066.833081,-4.95002460405922,-0.2402015505601346,8.63674980495686,0.07165473138711073,-0.3012264554144061,-0.19633793142241088
1765410066.83515,-4.9482459101544105,-0.24622495205376663,8.63797973412892,0.07084545391161456,-0.300954350863002,-0.19540370627597017
1765410066.836469,-4.948495908116025,-0.25409890173840854,8.639166902897648,0.07010417422348253,-0.30057387476767283,-0.19448341555104426
1765410066.84008,-4.950592735286304,-0.2635932074239403,8.640493380161626,0.06944719960248469,-0.3000815279280237,-0.19359409206097267
1765410066.84107,-4.954225712202474,-0.2744369727176513,8.642047582529269,0.06888774488044037,-0.29947961865640704,-0.19275127169895512
1765410066.8451,-4.95897664232125,-0.2863314333429104,8.643823799301394,0.06843557167953081,-0.29877575678274526,-0.19196870997643697
1765410066.848055,-4.964353579222864,-0.2989614204249058,8.645733862213094,0.06809684004481738,-0.29798200845430506,-0.1912582104520193
1765410066.850112,-4.9698335952276995,-0.3120049152010046,8.647629746551615,0.0678741607181064,-0.2971137892124839,-0.1906295250221665
1765410066.853015,-4.97490919668999,-0.32514056862443197,8.649333495702994,0.06776681279791383,-0.29618862674852015,-0.19009029521407372
1765410066.854114,-4.979132175523481,-0.33805300997671367,8.65066917425031,0.06777107022874884,-0.2952249434876693,-0.18964601487420787
1765410066.858067,-4.982149124330491,-0.35043570095264437,8.651491219080556,0.06788057017190804,-0.29424097388332615,-0.18929999662140404
1765410066.860034,-4.983724380611654,-0.36199152477600416,8.651704745211577,0.06808666183653064,-0.29325387172502076,-0.18905331929301689
1765410066.863026,-4.98374843188106,-0.37243234110976364,8.651275619003547,0.06837869416541512,-0.2922790223180064,-0.18890473551824544
1765410066.865012,-4.982232117961467,-0.3814797387110183,8.650230259406237,0.06874423133505647,-0.2913295628949885,-0.18885054050721636
1765410066.868013,-4.979288531852186,-0.3888692127127065,8.648646271302553,0.0691692201682499,-0.29041611047727367,-0.18888444060410173
1765410066.870025,-4.975105293052242,-0.39435869255795364,8.646635598510622,0.06963816021679871,-0.2895466834602484,-0.18899748860401114
1765410066.873036,-4.9699105730698765,-0.3977405513175072,8.644322914082625,0.07013433250787296,-0.28872678710352795,-0.1891781476336975
1765410066.875067,-4.963937299369693,-0.39885511093837284,8.64182338821999,0.07064012687040741,-0.28795962330156355,-0.18941250725334485
1765410066.878014,-4.9573907916634745,-0.3976037200264288,8.639224675142994,0.07113748238958456,-0.28724637962989213,-0.18968463140010638
1765410066.879093,-4.950424902243944,-0.39396028694275553,8.636577217886385,0.07160843098162072,-0.2865865490467967,-0.189976995656336
1765410066.88307,-4.943130412977144,-0.38798091275417684,8.63389516103761,0.07203571364675533,-0.2859782350856829,-0.1902709788315252
1765410066.885066,-4.935537349840156,-0.3798114416922559,8.63116801233752,0.07240342611585755,-0.2854184095338293,-0.19054739990752073
1765410066.888144,-4.927630301458394,-0.3696922320047239,8.628380994549442,0.07269764821554588,-0.2849031035582142,-0.19078711698669823
1765410066.889101,-4.919373168377423,-0.3579586095938819,8.62553992922199,0.07290701403823086,-0.28442752739882093,-0.1909717122639412
1765410066.893107,-4.910737915715576,-0.3450350200653062,8.622695125422846,0.07302318075698941,-0.2839861340970339,-0.19108426743504406
1765410066.895069,-4.901731678402276,-0.3314214888156514,8.619958913265002,0.07304115628487873,-0.2835726657276831,-0.19111019441198787
1765410066.898168,-4.892417821376822,-0.3176726089541932,8.61751320810935,0.07295945941876693,-0.2831802305602446,-0.19103804981143507
1765410066.900151,-4.882928318210666,-0.3043710701804491,8.615605908001184,0.07278011123089696,-0.28280144983289723,-0.19086025246292151
1765410066.907575,-4.873466305258076,-0.2920986999917635,8.61453696767809,0.07250848310507862,-0.2824286940654783,-0.19057364459601467
1765410066.907908,-4.864298749699218,-0.2814077071852706,8.614636157397667,0.07215304362352809,-0.28205441025278694,-0.19017986857605026
1765410066.908242,-4.855739944477148,-0.2727937373760541,8.61623481869532,0.07172504813370585,-0.2816715201105762,-0.18968554665546608
1765410066.910065,-4.848127128040357,-0.2666713758644545,8.619633803857877,0.07123820270896895,-0.281273845870432,-0.18910224321083707
1765410066.912057,-4.841790189774297,-0.2633526045995556,8.625070030197826,0.07070831436193652,-0.2808565060267691,-0.18844617219280405
1765410066.915069,-4.837018376550022,-0.2630294413578156,8.632685099251661,0.07015291951685408,-0.28041622949311695,-0.1877376118766361
1765410066.916107,-4.834027813906409,-0.2657627361717901,8.642500350150456,0.06959086981664847,-0.2799515595585059,-0.18700001909408961
1765410066.920016,-4.83293382718558,-0.2714789105625552,8.65440217276451,0.0690418520124115,-0.27946294664738386,-0.1862588880948045
1765410066.921059,-4.833731437890812,-0.27997514154310177,8.668139503963111,0.06852582614457438,-0.2789527475043368,-0.1855404489312064
1765410066.925047,-4.836286645948634,-0.2909319481199911,8.683333789578567,0.0680623791287567,-0.27842514694128645,-0.1848703205852814
1765410066.926036,-4.840340414829047,-0.30393136084102457,8.699501123651858,0.06767000412191822,-0.27788599986503226,-0.18427221987953288
1765410066.930083,-4.845526077568497,-0.31847911798209994,8.716085705357234,0.06736532782558727,-0.27734257966138415,-0.1837667996719837
1765410066.933081,-4.851398816826377,-0.334029980524932,8.732502104031353,0.06716232098984452,-0.27680323547345237,-0.18337067517441283
1765410066.935069,-4.85747355019067,-0.3500153917379362,8.748181693457408,0.06707154371512747,-0.2762769940440658,-0.18309570106858913
1765410066.937993,-4.863265945404859,-0.36587199782401236,8.762617409095284,0.06709949151302665,-0.2757731557149735,-0.18294856614125146
1765410066.94005,-4.868330837592436,-0.38106850980898443,8.775401231898396,0.06724811165928091,-0.2753009125562304,-0.18293075153231378
1765410066.941032,-4.872292941854961,-0.39512797961625634,8.786250048613947,0.06751454853009076,-0.2748689854252202,-0.18303884449558458
1765410066.945095,-4.874866364324495,-0.40764338544210155,8.795017312014501,0.06789115516639747,-0.27448527144194607,-0.18326513280046838
1765410066.948003,-4.875861840441911,-0.418286131763744,8.801690062189094,0.06836578219643792,-0.27415651310548966,-0.1835983643809058
1765410066.950007,-4.875183150437648,-0.4268086080837723,8.806372994003123,0.06892232826686932,-0.27388801299447957,-0.184024564835074
1765410066.953016,-4.872815847654412,-0.43304243789260644,8.809262832455916,0.06954151144881293,-0.27368340463236307,-0.1845278463626011
1765410066.955047,-4.868812022396445,-0.43689353232028166,8.810617286496198,0.07020180303189114,-0.27354446465107063,-0.18509117746489095
1765410066.956126,-4.863274700907727,-0.4383344359032995,8.810723614310458,0.07088045566302278,-0.2734709395167491,-0.1856970880697416
1765410066.960045,-4.8563448696392255,-0.43739454864153027,8.809872097312821,0.07155455381678517,-0.27346037339733215,-0.18632827025348286
1765410066.963024,-4.848192868386598,-0.43414951246370415,8.808338627105714,0.0722020130387717,-0.27350795497508845,-0.18696803247830812
1765410066.965077,-4.839014069704896,-0.42871147918471403,8.806377847965637,0.07280245811268009,-0.2736064324966291,-0.18760059100595433
1765410066.966049,-4.82902693375721,-0.4212215529811306,8.804224935282498,0.0733379249275629,-0.2737461590568525,-0.18821121900780163
1765410066.970093,-4.818470391037446,-0.4118447364267005,8.802101834815748,0.07379335604698671,-0.27391531365110144,-0.18878629542668815
1765410066.971021,-4.807597394354682,-0.4007668991443578,8.800223432748552,0.074156886637237,-0.27410030750544573,-0.18931329452301252
1765410066.975051,-4.796662421971966,-0.3881929567222294,8.798800167525256,0.07441993678419004,-0.27428635480323316,-0.18978074439401446
1765410066.978023,-4.785902619298516,-0.37434550090318675,8.798035243367186,0.07457713962712557,-0.2744581773775527,-0.19017816891789105
1765410066.980062,-4.775514691610234,-0.35946347223539593,8.798116421401502,0.07462614692531434,-0.27460081270190706,-0.1904960168175518
1765410066.981037,-4.765631610481531,-0.3438010641259779,8.79920394316619,0.07456736106172879,-0.27470048175060247,-0.19072558132803374
1765410066.985125,-4.756303746106638,-0.3276275188339083,8.801417073803806,0.0744036381563685,-0.2747454451564591,-0.19085893132255846
1765410066.988051,-4.747488160092529,-0.31122824473548716,8.804822023834475,0.07413999333962856,-0.27472675384854683,-0.19088889983993146
1765410066.990111,-4.73904824789006,-0.2949067058865988,8.809423843927274,0.07378332565305551,-0.27463880582451117,-0.19080918324287616
1765410066.993108,-4.730764363967249,-0.2789855897888879,8.815164240739938,0.07334217054695477,-0.27447965389859746,-0.19061457904946802
1765410066.995047,-4.722354615077657,-0.2638056881116977,8.821926010390808,0.07282647954212625,-0.2742510507792747,-0.1903013483762518
1765410066.997131,-4.713503630003841,-0.2497216968632204,8.829543304817852,0.07224741749180279,-0.2739582489200419,-0.18986766000859498
1765410067.000139,-4.703896004717468,-0.23709495159460592,8.837815944195762,0.07161716006770101,-0.27360958972449784,-0.18931406929442235
1765410067.003083,-4.69325059357721,-0.22628333573729045,8.846525810620573,0.07094866887293477,-0.273215926170018,-0.1886439920671442
1765410067.00513,-4.681351967626505,-0.2176283763798564,8.855453716950887,0.07025541913555708,-0.27278992718810663,-0.1878641333032297
1765410067.006129,-4.668075968458284,-0.21143942846998712,8.864395476380832,0.06955105883745819,-0.27234531024266784,-0.18698481857955299
1765410067.00906,-4.653407080616368,-0.20797521353421441,8.873175963503584,0.0688489928878613,-0.2718960439941314,-0.18602016231587623
1765410067.013071,-4.637446261376198,-0.20742384153301197,8.88166002864935,0.06816190882487536,-0.2714555595548809,-0.18498800135697022
1765410067.015106,-4.62040884925595,-0.20988358226441028,8.88975943278896,0.06750128191599808,-0.27103600506879,-0.18390953531776727
1765410067.01957,-4.60261298662604,-0.21534756002489133,8.897435320537765,0.06687690998692275,-0.270647572925889,-0.18280865367832827
1765410067.019657,-4.584459519765605,-0.22369549339971528,8.904695997722825,0.06629653057505985,-0.27029792434076044,-0.18171099030539917
1765410067.023038,-4.566404782745667,-0.23469423921184873,8.9115900928043,0.06576556657554963,-0.269991734071991,-0.1806428036061292
1765410067.02502,-4.548928210588198,-0.24800686961847657,8.918195598945426,0.06528703339213117,-0.26973037770170916,-0.17962980084756777
1765410067.028105,-4.532497291663923,-0.26320858160422445,8.924605683110848,0.0648616233436095,-0.26951178128020375,-0.17869600039130948
1765410067.030086,-4.517532851921378,-0.27980759145634243,8.930912645505948,0.06448796389956733,-0.26933044377024523,-0.1778626860681027
1765410067.033064,-4.504377985010053,-0.29726971876359237,8.937192128126119,0.06416302558370003,-0.2691776298192397,-0.17714749109516423
1765410067.035055,-4.49327384676058,-0.31504542947617514,8.943490053249128,0.0638826327261567,-0.26904172509466984,-0.17656366199324525
1765410067.037097,-4.484344761238202,-0.3325972110708897,8.949814209256841,0.06364200889231807,-0.26890875052329727,-0.1761195687765994
1765410067.039018,-4.477593834178819,-0.34942408960869875,8.956131328498262,0.06343627774461207,-0.26876303093176107,-0.17581851289218087
1765410067.043077,-4.47290907128754,-0.36508012542071144,8.962369883147327,0.06326084699297144,-0.2685879985006388,-0.17565883317944503
1765410067.045092,-4.470079121631542,-0.37918524631503303,8.968428671645562,0.06311162605244422,-0.2683670920703831,-0.1756342532565067
1765410067.047161,-4.468817045281753,-0.39142895474669476,8.974190706563508,0.06298505942235293,-0.2680847023741992,-0.17573438922881462
1765410067.050047,-4.468789720941095,-0.40156903942162864,8.979540630762772,0.06287799212370537,-0.26772711040593167,-0.1759453528030039
1765410067.053076,-4.469649699395676,-0.4094277974900158,8.984382623078004,0.0627874155439975,-0.2672833649829722,-0.17625041881877887
1765410067.055035,-4.471065755310686,-0.4148876232230724,8.988655361888132,0.06271016360583169,-0.2667460435518916,-0.17663075011164223
1765410067.058096,-4.472748420232269,-0.41788679279009744,8.992341272808611,0.06264263414217404,-0.2661118397673439,-0.17706617169770494
1765410067.060114,-4.474467544017941,-0.41841557486796127,8.995468669482978,0.06258059797047702,-0.26538192818268436,-0.1775359627553098
1765410067.062113,-4.4760603137785795,-0.4165128396475398,8.998107055707363,0.06251913127476526,-0.26456207403133125,-0.1780196081665889
1765410067.065076,-4.477429743097021,-0.41226392471224566,9.000357172463303,0.06245267391815061,-0.26366248040127743,-0.17849744654237704
1765410067.068075,-4.478534857555002,-0.40580082484754204,9.002337716492562,0.06237519071591007,-0.2626973897782331,-0.17895117909924643
1765410067.070034,-4.479374445438566,-0.3973050152357031,9.004170197663493,0.062280402172822914,-0.2616844764802449,-0.17936424976364382
1765410067.071097,-4.479966679312952,-0.3870115164159989,9.005963161607353,0.06216205256046344,-0.26064407067420947,-0.17972213986591254
1765410067.075059,-4.480327385121643,-0.37521132106059707,9.007797482392759,0.06201419034782254,-0.259598240128794,-0.18001261298906462
1765410067.078075,-4.4804499794753925,-0.36224925354489385,9.009714971806932,0.06183144272459165,-0.2585697444869199,-0.18022590456723606
1765410067.080051,-4.4802898997265865,-0.3485158881828782,9.011712434651143,0.061609265430001815,-0.2575808941934454,-0.1803548212287655
1765410067.083088,-4.479755715779717,-0.33443425876080335,9.013742370904339,0.061344142159419586,-0.2566523853760941,-0.18039473000635095
1765410067.085147,-4.478707919405501,-0.32044339980921177,9.015719844515393,0.06103370584738554,-0.2558022127140527,-0.18034346205201915
1765410067.086074,-4.476964795697423,-0.3069807178562042,9.017533184085995,0.06067676607086882,-0.2550447634694963,-0.18020118780367939
1765410067.089047,-4.47431359726119,-0.2944643685353671,9.019055419715917,0.06027324958547806,-0.2543901649184836,-0.17997031560639393
1765410067.093119,-4.4705250363988585,-0.28327621249623564,9.02015422016506,0.059824083829604975,-0.2538439093091811,-0.17965542952829672
1765410067.095114,-4.465369489209572,-0.27374602307763485,9.020699482902687,0.059331065441830665,-0.2534067436910989,-0.1792632399501216
1765410067.098114,-4.458633630444582,-0.26613813042853357,9.020568438519614,0.058796753192500203,-0.2530748057610542,-0.17880249668693532
1765410067.100094,-4.45013644575268,-0.26064197578405107,9.019648334057848,0.05822441233466618,-0.2528399983063655,-0.1782838168748487
1765410067.101114,-4.439743956885272,-0.2573676432840157,9.017837293348835,0.057618022761990274,-0.2526905905738538,-0.17771940174159417
1765410067.105106,-4.427382479949758,-0.25634635253578164,9.01504487613371,0.05698234777412493,-0.25261199841744214,-0.17712264407275527
1765410067.108105,-4.4130504820006875,-0.2575347304946031,9.011194378214258,0.056323042253749074,-0.25258764764093466,-0.1765076460809328
1765410067.110104,-4.396829022748335,-0.2608212299200345,9.006228500985046,0.055646762243597096,-0.25259980613543465,-0.17588866807004291
1765410067.113177,-4.378890587420918,-0.2660336221600507,9.000119014945671,0.054961228740726356,-0.2526302971827044,-0.17527952321359894
1765410067.115068,-4.359505758517472,-0.2729475613597602,8.992879877855897,0.054275200370352904,-0.2526610586264257,-0.17469294229988563
1765410067.117105,-4.339046232566842,-0.28129692452354255,8.984581823787051,0.05359832253815426,-0.25267456026834684,-0.17413995786467495
1765410067.120033,-4.317981441337972,-0.29078646994841534,8.975364951049455,0.05294084359098081,-0.25265411945326044,-0.1736293824562465
1765410067.12305,-4.296865693049128,-0.30110653043643787,8.965445403064704,0.05231321775949232,-0.252584159582238,-0.17316746008690279
1765410067.125031,-4.276314095219375,-0.3119486191175946,8.95511346210627,0.051725640938437255,-0.2524504438306554,-0.1727577469475519
1765410067.128059,-4.25696806785682,-0.32302049973144575,8.9447225227347,0.05118757731310142,-0.2522403012252377,-0.17240123874552474
1765410067.130024,-4.2394539114389245,-0.3340595002932278,8.934670375908766,0.05070732919211082,-0.25194285535534855,-0.1720967232799629
1765410067.133055,-4.224339682633788,-0.34484329704245403,8.92537541191865,0.05029168717784027,-0.25154926295124186,-0.17184130557205687
1765410067.135039,-4.212095943423368,-0.3551976857944143,8.917250665855972,0.04994568296085749,-0.25105295973774117,-0.17163103264793872
1765410067.138075,-4.203064860904591,-0.36500081397224377,8.910678494901985,0.04967245541773575,-0.2504498926208927,-0.1714615401207721
1765410067.140114,-4.197440306016583,-0.3741831399714336,8.905988493763902,0.0494732292717493,-0.24973870105137716,-0.1713286498411809
1765410067.143092,-4.195259638627755,-0.382722465127465,8.903440705212805,0.049347392576143456,-0.24892081074650727,-0.17122885541122976
1765410067.145125,-4.196406104045681,-0.3906340964686002,8.903214715500686,0.04929264813193338,-0.24800042466065886,-0.1711596353795154
1765410067.148081,-4.200619586528932,-0.3979574018390985,8.905403321508686,0.049305209757977496,-0.24698442723372419,-0.17111954520493064
1765410067.150028,-4.207513326936341,-0.40474103642662096,8.910008630399666,0.04938001772193014,-0.24588223400819964,-0.17110807603507613
1765410067.15306,-4.216595081045082,-0.4110292114805466,8.916939596772373,0.04951095357004266,-0.2447056002817185,-0.17112532589115514
1765410067.155137,-4.2272922880910615,-0.41685047098491135,8.926012201944344,0.04969103789318039,-0.24346836037634143,-0.171171572755814
1765410067.158101,-4.238981269311389,-0.42220935926328507,8.936954909093012,0.049912597046336174,-0.24218604479733774,-0.1712468369206309
1765410067.160136,-4.251020044111855,-0.4270810635385317,8.949421654727596,0.0501673935688567,-0.24087534715704653,-0.17135047714307694
1765410067.16309,-4.262783307091994,-0.43140969527000006,8.963012716414163,0.05044673046137888,-0.23955347147961895,-0.1714808240708258
1765410067.165048,-4.273696922180104,-0.43511139239735214,8.977301357888143,0.05074155149207857,-0.23823743941836203,-0.1716348550188098
1765410067.168085,-4.28326857287202,-0.43808282663313874,8.991862465172787,0.05104256069668083,-0.23694344680437032,-0.17180795181447578
1765410067.17008,-4.291111373708947,-0.440213971803269,9.0062992469795,0.05134037716457827,-0.2356863349339277,-0.1719938099612437
1765410067.173162,-4.296958138686656,-0.44140233708711835,9.020265142599268,0.05162573087011601,-0.23447920930927132,-0.17218454343196804
1765410067.175118,-4.300665210101441,-0.44156561063881883,9.033479355266197,0.051889693123772083,-0.23333321762951093,-0.17237096802314922
1765410067.17608,-4.302206105008342,-0.4406509195320636,9.045735406441787,0.052123925474214634,-0.23225749076990443,-0.17254299659374256
1765410067.180064,-4.301656632452676,-0.43864053233544964,9.056902974168276,0.05232092843431177,-0.2312592416686178,-0.1726900758158674
1765410067.183081,-4.299174190193628,-0.4355546122230385,9.066924055130842,0.052474272428756984,-0.23034399838082337,-0.1728016257639321
1765410067.184132,-4.294974247578657,-0.43145146772100823,9.07580478502799,0.052578792772672224,-0.22951592708285454,-0.1728674723463011
1765410067.186136,-4.289306621959186,-0.4264253904572217,9.083604029522734,0.05263073354342423,-0.2287781916412689,-0.17287826401177883
1765410067.190058,-4.282433528130069,-0.4206021653250366,9.090419646003609,0.05262783588038829,-0.22813329752622896,-0.17282584879934118
1765410067.193187,-4.274610855032328,-0.41413264048791676,9.09637339835393,0.052569373556001615,-0.2275833699205272,-0.1727035799641166
1765410067.195143,-4.266073716044065,-0.4071851230172248,9.10159561978957,0.052456132532869716,-0.2271303203981088,-0.1725065269628138
1765410067.198075,-4.257026931622571,-0.39993773325887444,9.106210634383183,0.05229032189957229,-0.22677587252404913,-0.17223158436897915
1765410067.200086,-4.247640612895692,-0.3925721070582755,9.110323735406945,0.052075408019546764,-0.22652144114579967,-0.17187748606668785
1765410067.201072,-4.23805039622994,-0.38526967499583187,9.114010379390855,0.05181588178038322,-0.22636787792145324,-0.17144474842095497
1765410067.205079,-4.228361365825201,-0.378210881068802,9.117308426640006,0.0515169868476713,-0.2263150999681363,-0.17093558379616147
1765410067.2081,-4.2186545108065445,-0.37157633854798283,9.120214685455709,0.051184445770971816,-0.22636162229488374,-0.1703538298227052
1765410067.209156,-4.208994539176384,-0.3655478653289571,9.122687075029324,0.05082421969955245,-0.226504036180585,-0.16970491684573055
1765410067.213097,-4.199437734549881,-0.36030738306412724,9.124652794273242,0.050442327578403286,-0.22673651347588777,-0.16899585653668273
1765410067.215142,-4.190038340043301,-0.3560328043551134,9.126021203002628,0.050044735303890475,-0.2270504444258431,-0.1682352078200232
1765410067.218157,-4.180852032550236,-0.35289137703275103,9.126698760459023,0.0496373107379555,-0.22743430442781365,-0.16743298386859062
1765410067.221594,-4.171935661307855,-0.3510314584866192,9.126603344459216,0.049225831843526066,-0.22787378795691293,-0.16660049793998666
1765410067.223199,-4.163343425177888,-0.35057317499510937,9.125676567624463,0.04881603193821443,-0.2283521751226792,-0.16575016963901482
1765410067.22512,-4.155120617857393,-0.35159784050373666,9.123894149219149,0.04841366317117998,-0.22885085358771193,-0.16489529734505018
1765410067.228134,-4.147296607409724,-0.3541364674820566,9.121274779434579,0.04802455476084737,-0.22934992756416997,-0.16404976211281366
1765410067.230101,-4.139878677920138,-0.35815912408284356,9.11788708586506,0.04765464040631861,-0.22982888284752456,-0.16322761069956943
1765410067.231118,-4.132847805265112,-0.36356797158438486,9.113853215386717,0.04730993158730017,-0.23026730162852924,-0.16244250003554178
1765410067.235064,-4.126156749809785,-0.3701963520079705,9.109347335196388,0.04699641624293953,-0.23064561521980553,-0.16170705369656654
1765410067.238081,-4.119730499164571,-0.37781441987620606,9.104588411654985,0.04671986652418262,-0.23094585727836564,-0.16103223064869474
1765410067.240085,-4.113469088595627,-0.38613988081716627,9.099828163048697,0.04648555278784112,-0.23115235692779437,-0.16042679813641372
1765410067.241095,-4.107252818919423,-0.3948517475340951,9.095335998812246,0.04629788340509868,-0.23125231020206582,-0.15989694580672334
1765410067.245092,-4.100949813903564,-0.40360580379377,9.091382773042564,0.04616001042264364,-0.23123619319111247,-0.1594460283762718
1765410067.248095,-4.094425839939235,-0.41205162057548145,9.08822478423026,0.04607345332542819,-0.2310980139872696,-0.15907441726112792
1765410067.250076,-4.087556152003028,-0.41985126084581076,9.086089042554503,0.04603779866181839,-0.23083541964985152,-0.15877946922329403
1765410067.253122,-4.080238533762586,-0.42669893667168746,9.085160450449294,0.046050532059362576,-0.23044967029150581,-0.1585556446477184
1765410067.255058,-4.072405931501415,-0.43233965013223213,9.085571317197326,0.04610704861142583,-0.22994547812931698,-0.15839480084922172
1765410067.258132,-4.064036857277979,-0.43658431701192085,9.08739383367041,0.04620086710183173,-0.22933070538740133,-0.15828664975576193
1765410067.260152,-4.055162346037325,-0.4393194027621251,9.090636692912335,0.04632404316965676,-0.22861592689208088,-0.15821933102372654
1765410067.263114,-4.045869132072294,-0.44051026794053666,9.095247228491075,0.046467738591632744,-0.22781387981773402,-0.15818003430093464
1765410067.264099,-4.036299075374996,-0.44019860172981057,9.10111953190059,0.04662286953275648,-0.22693883516090638,-0.15815561153065882
1765410067.268067,-4.026644535404151,-0.4384951344046095,9.108107180925147,0.0467807420467491,-0.22600593373630634,-0.15813314233611214
1765410067.270072,-4.0171388401869255,-0.43556911996636855,9.116037485012548,0.04693359401932766,-0.22503053306248694,-0.1581004417252721
1765410067.273058,-4.008040882112733,-0.43163588117340146,9.124723552584939,0.04707498990039393,-0.22402760549684317,-0.1580465196321944
1765410067.275122,-3.9996136260609707,-0.4269432322714978,9.133971444784985,0.04720004598146838,-0.22301121415897582,-0.15796200567250707
1765410067.277152,-3.9920979373659935,-0.4217572409896373,9.143581914572561,0.04730549343931441,-0.2219940819166075,-0.15783953497219239
1765410067.28009,-3.9856849820586064,-0.4163478428211802,9.153348675857126,0.04738960987601481,-0.22098726742769678,-0.15767406273372786
1765410067.281059,-3.9804914896626102,-0.4109751496342465,9.163056408668648,0.047452062768024106,-0.21999996702261215,-0.15746305957603776
1765410067.285099,-3.976541819969369,-0.4058774642103001,9.172481216494337,0.0474937073043215,-0.21903945917074413,-0.15720655165116307
1765410067.288172,-3.973759402095256,-0.40126168287102276,9.181394808978915,0.04751636752512666,-0.21811118936756696,-0.15690699974912614
1765410067.290159,-3.9719685086330108,-0.39729602676097925,9.189572445062266,0.04752260780879306,-0.21721896385786446,-0.15656903511156964
1765410067.292212,-3.970905952557023,-0.3941044247351375,9.19680395813501,0.0475154813993046,-0.21636520181019514,-0.1561990708320833
1765410067.295144,-3.9702412149745903,-0.3917619883032675,9.20290661923741,0.04749823720278443,-0.21555120309882064,-0.15580479571657377
1765410067.298137,-3.9696027495866404,-0.3902919169565767,9.20773801866315,0.047473981032307676,-0.21477741528217784,-0.15539455728037888
1765410067.299109,-3.9686078059801564,-0.3896650712977539,9.21120686260365,0.04744531341924449,-0.21404370363102063,-0.15497666681160838
1765410067.303145,-3.9668930188619163,-0.389803387663348,9.213279895640774,0.047413986770896525,-0.21334962370669,-0.15455869926757765
1765410067.305114,-3.964143208371364,-0.3905871315073632,9.213984117938393,0.04738062933059021,-0.21269467173215273,-0.15414688346767133
1765410067.308163,-3.9601163698531843,-0.39186464461833176,9.213404777235509,0.04734457269823362,-0.21207846541901443,-0.15374566096352313
1765410067.31015,-3.9546634872625552,-0.39346293654348014,9.211680573035638,0.04730380342823777,-0.21150080733069,-0.15335744116491673
1765410067.313064,-3.947742131393476,-0.39519843559339274,9.208997436763436,0.047255046458476425,-0.2109616088738209,-0.15298253037706658
1765410067.31506,-3.939422685492871,-0.39688841199672326,9.205581257900178,0.047193978258955195,-0.2104606922623929,-0.15261919858917075
1765410067.318116,-3.9298859424337214,-0.3983637656350764,9.201688887166679,0.04711555600688398,-0.20999752081950476,-0.15226387073060949
1765410067.320062,-3.919411265038227,-0.39948280941442366,9.19759645861108,0.047014438080403335,-0.20957092314967776,-0.15191145337841985
1765410067.321062,-3.908355545642748,-0.40014429150084296,9.193584638420264,0.0468854662814883,-0.20917887295842258,-0.15155580074953903
1765410067.324121,-3.8971245500789093,-0.4002973332525155,9.18992143210046,0.04672417918221791,-0.20881836788067626,-0.15119028808876156
1765410067.328119,-3.8861395983761837,-0.3999466513536212,9.186844250258051,0.04652732199940512,-0.20848542395041456,-0.15080842721164817
1765410067.330193,-3.8758035544227676,-0.3991528321586152,9.184543693471511,0.04629331099419589,-0.2081751763440975,-0.15040445415375112
1765410067.331074,-3.866470233152196,-0.3980285123532311,9.183151567452628,0.046022604007037,-0.2078820623726544,-0.1499738434913722
1765410067.335176,-3.8584203627629927,-0.3967314520378881,9.182734815075637,0.04571792639260636,-0.20760006380941287,-0.14951373795909825
1765410067.338148,-3.8518456271560337,-0.3954548535334269,9.183295680357483,0.04538430751250775,-0.207322994158627,-0.14902330097538943
1765410067.340149,-3.84684080500106,-0.39441462719051346,9.184777102996419,0.0450289026390999,-0.20704481829170882,-0.14850399177692394
1765410067.341142,-3.84340307462881,-0.39383328891987834,9.187071622273464,0.04466060633642076,-0.20675998246293478,-0.14795973806214396
1765410067.345122,-3.8414372511765214,-0.3939209092103777,9.190032141036921,0.044289493773453176,-0.20646372173044764,-0.14739696183637035
1765410067.348115,-3.8407658955030466,-0.39485462981447284,9.1934834543809,0.043926145683727054,-0.20615231014376967,-0.14682441634493273
1765410067.350058,-3.841143521711669,-0.39675916411451323,9.197233965550891,0.043580921694148685,-0.20582322517533758,-0.14625281577946356
1765410067.353077,-3.842274151359515,-0.399690985735915,9.201087228200354,0.04326325035989076,-0.20547520503534006,-0.14569427418552325
1765410067.355043,-3.843831195891081,-0.40362846539546404,9.204852982002581,0.04298100116506204,-0.20510818853022378,-0.14516160301495593
1765410067.358067,-3.8454784849159926,-0.4084692318474253,9.208357460298094,0.042739991378724494,-0.20472314650338652,-0.1446675378663611
1765410067.360118,-3.846891409510299,-0.41403493137869624,9.211452992977387,0.04254366327336412,-0.20432183308688254,-0.1442239676526348
1765410067.361102,-3.8477773089562204,-0.42008276798156474,9.214027026710784,0.042392950183609945,-0.2039064928534895,-0.14384122664784274
1765410067.365113,-3.8478940994727306,-0.42632284907006013,9.216010438257793,0.042286333689374844,-0.20347955928709677,-0.1435274954949949
1765410067.3681,-3.8470658578193606,-0.4324401525064142,9.217384548120743,0.042220080213805564,-0.20304338017953688,-0.1432883515260457
1765410067.370053,-3.845193863824535,-0.4381194526695297,9.218185715526571,0.042188636106673526,-0.20260000641651493,-0.143126506623741
1765410067.372116,-3.842261607799219,-0.4430707201573224,9.218505945050321,0.04218515205450754,-0.20215107326679208,-0.14304176055458984
1765410067.375127,-3.838332748827144,-0.4470518242062326,9.218487996022816,0.042202095422520715,-0.20169778351553447,-0.14303117234209012
1765410067.378121,-3.833542183684077,-0.44988552745150073,9.218314570232286,0.04223189697815592,-0.20124097566753582,-0.1430894149119838
1765410067.380116,-3.8280818867967157,-0.45146902945537914,9.218192978497353,0.04226757234048165,-0.20078123855191887,-0.14320924530029003
1765410067.383084,-3.8221841766358207,-0.4517761510312225,9.218338052351614,0.04230325697415154,-0.20031902525623443,-0.14338201498216213
1765410067.385084,-3.816105004363614,-0.45085365654868015,9.218956009832873,0.04233459667555569,-0.1998547293167668,-0.14359816696609864
1765410067.388163,-3.810108921985188,-0.44881345781345644,9.220230817349801,0.042358950283462114,-0.1993887089374746,-0.143847700059156
1765410067.390145,-3.8044561969125197,-0.4458216769508606,9.222313452263403,0.04237538817810447,-0.19892126451882572,-0.14412060015953024
1765410067.393146,-3.7993916266074996,-0.44208474726039604,9.225313950620716,0.04238449731158573,-0.1984525818771377,-0.14440722959602983
1765410067.395149,-3.7951341843575013,-0.4378328576691681,9.229295846633788,0.04238802242373152,-0.19798265886225416,-0.14469863975636865
1765410067.39811,-3.7918667338402035,-0.4333020715365706,9.234272252213623,0.04238838707666866,-0.19751124567994904,-0.14498676057755489
1765410067.399073,-3.789725581646002,-0.42871738678818644,9.240202752958448,0.042388151718848965,-0.19703783391494734,-0.14526444347930598
1765410067.40309,-3.7887903010714648,-0.4242789476299638,9.246990897658144,0.04238947532490581,-0.19656170818960245,-0.14552537843534907
1765410067.405117,-3.7890747806965983,-0.4201526004077562,9.25448306515932,0.042393646087963845,-0.19608203888829992,-0.14576393866816906
1765410067.408141,-3.7905207120689486,-0.41646476367768087,9.262470194360713,0.04240073565985582,-0.1955979735871463,-0.14597500992667148
1765410067.41012,-3.792994656971241,-0.41330084174152165,9.270693719991813,0.042409415133306774,-0.19510869246946153,-0.14615384332588996
1765410067.413122,-3.796289412363795,-0.410706311451071,9.278856155563464,0.04241695081432208,-0.19461341774415028,-0.14629595077715576
1765410067.415146,-3.8001297655975548,-0.4086898898583685,9.286635628498859,0.04241937383171226,-0.19411138964585453,-0.14639705246862264
1765410067.418141,-3.8041820779842164,-0.4072284482302117,9.29370266287617,0.04241179429497535,-0.1936018334918307,-0.14645308642178556
1765410067.423633,-3.8080666653057516,-0.406273233709225,9.299736902683428,0.04238881581841273,-0.19308394359884945,-0.14646029468842922
1765410067.424133,-3.8113720465862175,-0.4057564004815452,9.304441875302892,0.042345003827037465,-0.19255689661258998,-0.1464153992831668
1765410067.425099,-3.813670976748691,-0.4055962559063496,9.307557569997917,0.042275366523643,-0.1920198792683507,-0.1463158605597898
1765410067.428114,-3.8145392230696293,-0.4056997834224122,9.30887255205909,0.04217581010241951,-0.19147209489341865,-0.14616017206032894
1765410067.430068,-3.8135784097993004,-0.40596227499355036,9.308238014922516,0.04204352488515824,-0.1909127239433833,-0.1459481149169719
1765410067.433083,-3.810443479896392,-0.4062655821173528,9.305585045909723,0.041877255201623574,-0.19034085086280256,-0.14568090102217973
1765410067.435078,-3.804873509348308,-0.40647728736403593,9.300944089968159,0.04167741415734533,-0.18975539858297374,-0.14536117685019262
1765410067.438079,-3.796722269660641,-0.4064523927868544,9.294463126406832,0.041446023058681426,-0.18915510910904684,-0.1449929066631287
1765410067.440108,-3.785983072792312,-0.4060375801020291,9.286419431908744,0.04118647479751406,-0.18853858343432525,-0.1445811706647298
1765410067.44308,-3.7728022312587237,-0.4050769875420622,9.277219913010976,0.04090313912924865,-0.1879043727571278,-0.14413189352202488
1765410067.445149,-3.757477292884256,-0.40341853704697594,9.26738695976459,0.04060084850438683,-0.187251109684138,-0.143651485924287
1765410067.448106,-3.740439186706766,-0.40092089725534935,9.257529549601912,0.040284322461018866,-0.18657767701355843,-0.14314637164827754
1765410067.450187,-3.7222202910178663,-0.397462185534168,9.248301764018182,0.039957599729184015,-0.18588341956030366,-0.14262240358988632
1765410067.451139,-3.7034126050102243,-0.39295143786053094,9.24035279161768,0.039623547803959595,-0.18516840045252944,-0.14208423247004326
1765410067.455145,-3.684621641133971,-0.38734244162026293,9.234274182810353,0.0392835103366788,-0.18443368166446342,-0.1415347457540735
1765410067.458161,-3.666422187745049,-0.3806476363608392,9.230551240579247,0.03893713493679553,-0.1836815758071896,-0.14097470482774038
1765410067.460089,-3.6493213375362132,-0.3729488770702201,9.229525079407152,0.03858240250859806,-0.1829157953369812,-0.14040266417548863
1765410067.463133,-3.6337321679365426,-0.3644026634936073,9.231369796926582,0.03821585826583996,-0.18214143722688733,-0.1398151822519159
1765410067.465102,-3.6199589199124556,-0.3552393381182985,9.236086194182828,0.037833023802816494,-0.18136478105656215,-0.13920727223748017
1765410067.468141,-3.6081923491629975,-0.345757307272165,9.243510661960304,0.03742894842789712,-0.18059292377021455,-0.13857301771121544
1765410067.470107,-3.598512612730693,-0.3363135746749155,9.25333588123433,0.03699884049207061,-0.17983330884070278,-0.13790628661762952
1765410067.473078,-3.5908966685561152,-0.32731104063194916,9.265139044280362,0.03653871174422202,-0.17909322519819276,-0.137201490248147
1765410067.474092,-3.5852275450609286,-0.3191821473525276,9.278413267337505,0.03604597136335451,-0.17837934815787873,-0.13645433300204893
1765410067.47813,-3.5813036922360655,-0.3123683813254614,9.292598450409423,0.035519916658500295,-0.17769737234909133,-0.13566248702736877
1765410067.479156,-3.5788476777075275,-0.30729597097132416,9.307108879223875,0.0349620793476215,-0.17705175668388082,-0.13482612056474935
1765410067.482131,-3.577514580512713,-0.3043493177211037,9.321356338448767,0.03437639948359373,-0.1764455768696928,-0.13394822132865553
1765410067.485121,-3.5769013303401467,-0.3038445590862618,9.334769074985175,0.033769214874791856,-0.1758804658768912,-0.1330346860405662
1765410067.488154,-3.5765585807235674,-0.3060057285644679,9.346807951259143,0.0331490701160414,-0.17535661265819524,-0.13209418428863565
1765410067.490128,-3.576006419994833,-0.3109453724584899,9.356981346798955,0.03252636264329341,-0.1748727845174977,-0.13113783204163504
1765410067.491091,-3.5747547302450258,-0.3186508128508914,9.364860237760993,0.03191285199260348,-0.17442634883732316,-0.13017871539233644
1765410067.495095,-3.572328659394279,-0.32897702601405915,9.37009464859073,0.031321061388774656,-0.1740132983361408,-0.12923129660860158
1765410067.498128,-3.568299261423181,-0.34164726476269036,9.372432000704736,0.03076359861103929,-0.17362831381018473,-0.12831073181940097
1765410067.50015,-3.562318464833784,-0.35626250022521877,9.371736656915694,0.03025242254245939,-0.1732649090672059,-0.1274321401075657
1765410067.503127,-3.5541561924396063,-0.37231992718630724,9.368008722496032,0.029798090449885278,-0.17291569076764488,-0.12660987735396162
1765410067.505141,-3.543736129887288,-0.38923922740381733,9.361399423034802,0.02940903777559253,-0.17257273972790663,-0.12585686975433788
1765410067.508155,-3.531165654711836,-0.40639382042283423,9.352220026751866,0.02909095784030078,-0.17222808880986032,-0.12518404313077583
1765410067.510141,-3.5167549315116697,-0.42314385558169193,9.34094116284746,0.028846353513691563,-0.17187424487841582,-0.12459985129217953
1765410067.513147,-3.5010204173351975,-0.43886840187462783,9.328179888871281,0.02867432097792298,-0.1715046880184918,-0.12410988127896541
1765410067.515132,-3.484669254367647,-0.45299552548989336,9.314673244957191,0.028570598363155703,-0.171114285249273,-0.12371651674335284
1765410067.519035,-3.4685630411658988,-0.4650297779357926,9.301238707007283,0.0285278780294393,-0.170699577287824,-0.1234186747820006
1765410067.520178,-3.4536617858484426,-0.4745764767615295,9.28872324405769,0.028536351943538152,-0.1702589277721595,-0.12321167525545453
1765410067.522185,-3.4409512851599575,-0.48136123823675503,9.277943950782111,0.028584440452755853,-0.1697925500676351,-0.12308732425807295
1765410067.525142,-3.431359714512242,-0.48524245287519735,9.269625005642993,0.028659641938139732,-0.16930243687420798,-0.12303427336746807
1765410067.528111,-3.4256714434962983,-0.4862147394030527,9.26433732241753,0.028749427544873377,-0.1687922170178816,-0.12303865790898666
1765410067.530173,-3.42444749537244,-0.48440290411995585,9.262447659933137,0.028842093291042724,-0.16826696017420187,-0.12308495163936074
1765410067.53315,-3.427962435141163,-0.4800476317418433,9.264083263158982,0.028927482469047666,-0.16773293993747207,-0.12315693604100447
1765410067.535129,-3.4361664891534565,-0.47348512328305037,9.269116990355068,0.028997509674858642,-0.16719734486789356,-0.1232386795406341
1765410067.538135,-3.4486788918384264,-0.4651230415642697,9.27717612662321,0.029046446069558154,-0.16666791120532734,-0.12331543972867771
1765410067.539269,-3.4648140792267914,-0.45541481765281033,9.287675212156739,0.029070954706377893,-0.16615246148876753,-0.12337442187171838
1765410067.54315,-3.48363768584514,-0.44483395359530997,9.299869772036667,0.02906989379275893,-0.1656583693706218,-0.12340534423785358
1765410067.544173,-3.5040455388001805,-0.4338496147526285,9.312924911819218,0.029043933336544998,-0.1651920078534789,-0.12340077723352204
1765410067.548103,-3.524856245741276,-0.42290470032086136,9.325990724148342,0.02899504974807533,-0.16475825726300525,-0.1233562424859725
1765410067.550086,-3.5449065512790074,-0.4123976633558568,9.338275369816442,0.02892596880643756,-0.16436015206528481,-0.12327008548531784
1765410067.552144,-3.5631388635419157,-0.40266914757755057,9.349107199989447,0.02883962477929732,-0.16399873293535733,-0.12314317197072495
1765410067.555091,-3.5786725236795753,-0.39399360460912447,9.357979900620945,0.028738699681177458,-0.1636731321092036,-0.12297848633599594
1765410067.558102,-3.5908538200593254,-0.38657488291387526,9.364578464638088,0.0286252991058112,-0.16338086245142452,-0.12278070439503623
1765410067.560179,-3.59928321996469,-0.38054438395924894,9.368787060282905,0.028500801033544843,-0.1631182373370268,-0.12255577118352638
1765410067.563112,-3.6038209015410163,-0.3759611932616462,9.370681480158321,0.028365881509107342,-0.16288084259430266,-0.12231046961795129
1765410067.565077,-3.604573061156367,-0.3728148199403916,9.370508908723131,0.02822068645671434,-0.1626640003162949,-0.1220519564435603
1765410067.568159,-3.601861871556089,-0.3710316258800209,9.368657068992869,0.028065091637561143,-0.1624631820624829,-0.1217872752089594
1765410067.57014,-3.5961821211421894,-0.37048528682235293,9.365614496755878,0.0278989787528921,-0.1622743389100452,-0.1215228994057437
1765410067.573196,-3.5881481673186806,-0.37101030741470997,9.361924402508873,0.02772246038133211,-0.16209412473013152,-0.12126437164788362
1765410067.575144,-3.5784358710816417,-0.37241666128137296,9.358135921185795,0.027536009170816524,-0.16191999888242273,-0.12101607593090787
1765410067.578135,-3.5677249857516977,-0.3745036419128907,9.35475743778214,0.02734047699640276,-0.1617502040662326,-0.12078113309488134
1765410067.580154,-3.5566474326286666,-0.3770718889080456,9.352216495359073,0.02713701648855995,-0.16158362867394316,-0.12056137798804491
1765410067.583126,-3.545745903545615,-0.3799335527287615,9.350829816106472,0.02692693542505303,-0.1614195802443003,-0.12035737851542563
1765410067.585114,-3.5354455350793903,-0.38292086847120027,9.350785642594259,0.026711521428719805,-0.16125750523922727,-0.12016848379181723
1765410067.588147,-3.5260393961380636,-0.3858928829782157,9.352139110620353,0.026491869795630965,-0.16109668487211562,-0.11999291527092584
1765410067.590159,-3.5176867861755436,-0.38873935879777605,9.354819979255144,0.026268737314623297,-0.16093592905207615,-0.11982791843392027
1765410067.593145,-3.5104223085411745,-0.39138076948005396,9.358651050380551,0.026042438217976232,-0.1607732915956229,-0.11966997040943195
1765410067.595163,-3.5041732576749984,-0.3937641323390796,9.363374772345166,0.025812795996010073,-0.16060583685909938,-0.11951500818422615
1765410067.598142,-3.4987826425187287,-0.3958558492640976,9.368684577559485,0.025579161681687994,-0.16042949355585617,-0.11935862724705718
1765410067.5991,-3.4940350941307856,-0.39763391238536766,9.37425694369157,0.025340503140813854,-0.16023903117332103,-0.11919621467127371
1765410067.601168,-3.4896831846511582,-0.39908194855037077,9.37978067390067,0.025095560445782376,-0.16002818371375294,-0.11902301653685379
1765410067.604166,-3.485472287024932,-0.4001864367704414,9.384981264881452,0.02484304710844982,-0.15978992124413327,-0.11883417446018713
1765410067.608189,-3.4811626642710243,-0.40093680185145514,9.389639530837274,0.024581859306747833,-0.15951683875162798,-0.11862477522368774
1765410067.610161,-3.4765477572656884,-0.4013271520664223,9.39360427098721,0.02431124797589525,-0.1592016130273104,-0.11838993480299692
1765410067.613178,-3.471467837388656,-0.4013587314709569,9.396798915277357,0.024030919418594313,-0.15883748352302554,-0.11812490613550425
1765410067.615106,-3.465818538846661,-0.4010431061908038,9.39922212053997,0.023741052769628054,-0.1584187292167134,-0.11782518926638298
1765410067.619627,-3.4595541364508575,-0.4004066121839205,9.400942221860282,0.02344224620105665,-0.15794111965277416,-0.11748663977110342
1765410067.619683,-3.452685639601773,-0.3994960858192901,9.40208544685949,0.023135420858889335,-0.15740231200972468,-0.11710559733137668
1765410067.623107,-3.445274072279958,-0.3983847218486615,9.40281842332374,0.022821718729246092,-0.15680215774080455,-0.11667906670932975
1765410067.625125,-3.4374198485212477,-0.39717597958637957,9.403326710657645,0.02250242690465052,-0.1561428798516631,-0.11620496599082843
1765410067.62813,-3.429249634079858,-0.3960035719929727,9.40379195837845,0.022178946925651796,-0.1554290907025388,-0.11568242066685555
1765410067.630138,-3.420902261037815,-0.3950267677195943,9.404370312657203,0.02185280875390839,-0.15466764128980082,-0.11511205205791639
1765410067.63313,-3.4125152186335583,-0.39442179524276766,9.405174286260978,0.021525714268265255,-0.1538673151960782,-0.1144962051869669
1765410067.635113,-3.404213039758504,-0.3943711329726928,9.406259920927718,0.02119959220173296,-0.1530383908955323,-0.11383908345580872
1765410067.636126,-3.396098504379178,-0.39505241471285923,9.407620579994568,0.020876651742428653,-0.15219209756880503,-0.11314678733255482
1765410067.640159,-3.38824713595285,-0.39662780802792574,9.409187958443956,0.020559427388558663,-0.1513399952679778,-0.11242727193773794
1765410067.643128,-3.3807051697347283,-0.3992337234587819,9.410840034487642,0.020250810204822563,-0.15049332378455965,-0.11169023427385194
1765410067.645138,-3.3734909642060993,-0.40297025459793123,9.412414906223702,0.019954060799987603,-0.14966237588903106,-0.11094691981594745
1765410067.648151,-3.366599557197922,-0.4078901629147427,9.413728912571903,0.019672795875286513,-0.1488559517465726,-0.11020981706042748
1765410067.650123,-3.3600097589440874,-0.41398831058841,9.414597208912882,0.01941093453759419,-0.14808094562063204,-0.10949220729742283
1765410067.653069,-3.3536929159930438,-0.42119344452578156,9.414854846825765,0.019172589082554082,-0.14734210801922742,-0.10880756516694066
1765410067.655068,-3.347622314536448,-0.42936428701865675,9.41437618765349,0.018961891740809065,-0.14664201046670922,-0.10816885084166601
1765410067.658113,-3.3417821985713476,-0.43829090448270225,9.413090509172827,0.018782762153305203,-0.14598120865444006,-0.10758776462640829
1765410067.660103,-3.3361755994380724,-0.44770122535077667,9.410992398132642,0.018638635074596833,-0.14535856236257153,-0.10707402624424811
1765410067.663074,-3.330830428851647,-0.4572723433846805,9.408146576100043,0.018532177421377343,-0.14477164860641273,-0.10663471082570135
1765410067.66524,-3.325803276790927,-0.4666467352939741,9.404687253451398,0.018465024832376324,-0.14421720420580614,-0.10627366517172114
1765410067.668165,-3.3211799864459914,-0.4754535343033924,9.400811733427851,0.018437565241542435,-0.1436915429053884,-0.105991060091949
1765410067.670186,-3.317071688029876,-0.4833336725655241,9.396767639092143,0.01844879641317656,-0.1431909027846872,-0.10578317584195146
1765410067.67314,-3.3136051349550804,-0.4899657133941438,9.392833620126082,0.018496282838125273,-0.14271169572919123,-0.10564251654255258
1765410067.67519,-3.310907156070094,-0.495088222392966,9.389294552114615,0.01857622885622856,-0.1422506519314527,-0.10555828474917259
1765410067.678117,-3.3090845478350466,-0.49851553211290744,9.38641347292765,0.018683670070655776,-0.14180487113718457,-0.1055171502225792
1765410067.680156,-3.308202352009276,-0.5001460582057348,9.38440365661687,0.018812767950304926,-0.14137180298043536,-0.10550417753557248
1765410067.683123,-3.3082647201037774,-0.49996438976145424,9.383405154089825,0.018957175476119182,-0.14094918196332307,-0.10550377279492615
1765410067.685172,-3.309202723954715,-0.49803910362664977,9.383469997846886,0.01911042987879097,-0.14053494255359392,-0.10550055757514634
1765410067.688186,-3.310872005746742,-0.49451756149384957,9.384558469685702,0.01926632898755732,-0.14012713655836342,-0.10548013720898726
1765410067.690174,-3.3130605880682777,-0.4896176545314523,9.386546219640291,0.019419260272212777,-0.1397238634290604,-0.10542976570352626
1765410067.693188,-3.315504852586714,-0.48361572847495554,9.389240150775532,0.019564466535361258,-0.13932320807359677,-0.10533890713417034
1765410067.695161,-3.317910667758813,-0.4768304329070795,9.39240033201698,0.019698239510272275,-0.13892317628757778,-0.10519966839605123
1765410067.698165,-3.319976865074527,-0.4696036311608022,9.39576511610701,0.019818032132650997,-0.13852163250987717,-0.10500706564462908
1765410067.700168,-3.3214189994358176,-0.4622806803845967,9.399076681280306,0.019922480822184382,-0.13811626384190026,-0.10475910852033833
1765410067.702208,-3.3219918777947326,-0.45519243706490836,9.402104564006232,0.020011337272811583,-0.13770459970450888,-0.1044567279844644
1765410067.705195,-3.321509452041875,-0.4486402975171216,9.404665448525586,0.020085321712598754,-0.13728410549534,-0.10410360096734429
1765410067.708182,-3.3198605839998794,-0.44288431689003216,9.406638133527627,0.02014592029399842,-0.1368523512584314,-0.10370591761293038
1765410067.71019,-3.3170193117664524,-0.43813383331990363,9.407972916940468,0.020195156078756032,-0.13640724125961434,-0.10327210410800375
1765410067.71323,-3.3130487547868808,-0.43454024421379217,9.408694812616925,0.020235363169543615,-0.13594727761004619,-0.10281248335870159
1765410067.71523,-3.308098479606606,-0.4321922056634084,9.408900346756225,0.020268983393146197,-0.13547181917873805,-0.10233884866999611
1765410067.718116,-3.302395642063155,-0.43111395794693713,9.408748162638728,0.020298388629590967,-0.13498129191105818,-0.10186394434844015
1765410067.720097,-3.296230400326867,-0.4312673255456857,9.408444138239357,0.020325719813239627,-0.13447731479130465,-0.10140087777434516
1765410067.723117,-3.2899361653669636,-0.43255722431777066,9.408222191957156,0.020352731869389594,-0.13396272211879898,-0.10096250907806643
1765410067.725172,-3.2838654672806467,-0.43483972258806347,9.408322347410824,0.02038064007801124,-0.1334414789737057,-0.1005608620226754
1765410067.728153,-3.2783626658231126,-0.4379314601893214,9.408967761058681,0.020409972207600605,-0.13291850220163576,-0.10020657740142719
1765410067.730151,-3.2737353926828425,-0.44161970069948253,9.410342370963873,0.02044043932138021,-0.13239941282293682,-0.09990840999300449
1765410067.733124,-3.270227257549212,-0.4456730282381012,9.412570901911453,0.02047084518936519,-0.13189024948759412,-0.09967277050623985
1765410067.733624,-3.2679946334427155,-0.44985303297961443,9.415703186238625,0.020499056830553256,-0.13139716500748808,-0.09950333518737384
1765410067.738104,-3.2670901298943766,-0.4539269035712059,9.419704832781678,0.020522054811942164,-0.13092611922853056,-0.09940077181367861
1765410067.740142,-3.2674547963887455,-0.4576798933734766,9.424455910340571,0.02053607477159126,-0.13048257871396218,-0.09936263913056771
1765410067.743286,-3.268920278275032,-0.4609258923877645,9.429758447294555,0.020536844351865813,-0.13007123462582637,-0.09938349231316503
1765410067.745097,-3.2712211350097857,-0.4635145848126692,9.435352407086478,0.02051990814105365,-0.1296957520065948,-0.09945517743340421
1765410067.74808,-3.2740164854293266,-0.4653350194877608,9.44093869952962,0.020481013464730708,-0.12935856683969937,-0.09956725429662769
1765410067.750128,-3.2769192110081202,-0.46631702637487266,9.446206892395123,0.020416509895536002,-0.12906074981108678,-0.09970748204225044
1765410067.753134,-3.27953015817103,-0.46643248560547035,9.450864697627797,0.02032370858195495,-0.1288019511432419,-0.09986233984793691
1765410067.755108,-3.2814741919089387,-0.46569738284681006,9.45466619985571,0.02020115760849506,-0.12858042650543808,-0.10001760102789425
1765410067.758115,-3.2824347047782862,-0.4641736797963487,9.457436189142507,0.020048808529015978,-0.1283931288071474,-0.10015898706629871
1765410067.760099,-3.282183359106734,-0.4619688927407432,9.459088588298275,0.019868067395525803,-0.1282358464929901,-0.10027288836072631
1765410067.76309,-3.280602336873889,-0.459231755475833,9.45963753193225,0.01966173720990752,-0.12810337420575957,-0.10034708643390763
1765410067.765143,-3.2776969623468193,-0.4561438319088174,9.459200008033095,0.01943386806056034,-0.1279897064091226,-0.10037139198791777
1765410067.76816,-3.273597128733077,-0.4529081504338658,9.457989181865305,0.019189536567499173,-0.1278882478653435,-0.10033813669791349
1765410067.770176,-3.268546678392311,-0.4497361045687619,9.45629799130103,0.018934577749504373,-0.12779204090933846,-0.10024250086476846
1765410067.773121,-3.262881010322803,-0.4468332621158728,9.454473748292719,0.01867529110191962,-0.127694013471046,-0.10008268848853762
1765410067.775109,-3.256994670684706,-0.4443842380946088,9.452886109140415,0.01841813961915878,-0.1275872477305219,-0.09985995626901695
1765410067.778139,-3.2513021738150476,-0.44253715209548566,9.451892153406916,0.018169457140878822,-0.12746526275992606,-0.09957847589476033
1765410067.781145,-3.246196403984206,-0.4413893403064609,9.451802831556588,0.017935177891429926,-0.12732230390967694,-0.09924499518206242
1765410067.783127,-3.242009331865051,-0.4409770080133029,9.452854546247313,0.017720601391631324,-0.1271536345215852,-0.09886829038160447
1765410067.785099,-3.2389793144954746,-0.44127132772850297,9.455188418961713,0.01753020150447215,-0.1269558215722686,-0.0984584612263441
1765410067.788154,-3.2372281624065247,-0.44218186512041285,9.458838567485081,0.017367480091754303,-0.12672699060353892,-0.09802617178266482
1765410067.790197,-3.2367498707380427,-0.44356606582157926,9.463730067491712,0.017234859658702972,-0.12646700517877538,-0.09758194505737179
1765410067.79118,-3.2374116662468433,-0.44524225922158994,9.469686970629379,0.01713360844147995,-0.12617752162373222,-0.09713557492861497
1765410067.795235,-3.238966806011671,-0.44700395351919503,9.47644998185391,0.017063792200174656,-0.12586189438686488,-0.0966956607808729
1765410067.796186,-3.2410773420340524,-0.4486345680070116,9.483701789008599,0.01702424663475782,-0.1255249527704506,-0.09626924054716768
1765410067.800195,-3.2433440237061446,-0.4499228659500154,9.491096298744408,0.017012564455067172,-0.12517270883412207,-0.09586151211240386
1765410067.803193,-3.2453399996911547,-0.4506792437894553,9.498287395671897,0.017025095215101704,-0.12481206085962156,-0.09547566942037268
1765410067.805209,-3.2466451735223876,-0.4507518344201331,9.504953855477227,0.017056966064971223,-0.1244505210157988,-0.09511289712492622
1765410067.808181,-3.2468787377984243,-0.4500401879936297,9.510819023820407,0.017102145079420223,-0.12409594672546008,-0.0947725405863971
1765410067.810137,-3.2457281256088195,-0.4485042335338545,9.515665527971057,0.017153578307206693,-0.12375623161661856,-0.09445241062562898
1765410067.813197,-3.242973020927587,-0.44616750720404713,9.51934575039272,0.017203429799699074,-0.12343892781016978,-0.0941491382565298
1765410067.815205,-3.2385030407297735,-0.44311535409783637,9.521788162116465,0.017243439327082236,-0.12315080600574523,-0.0938584984070957
1765410067.816252,-3.2323274449302555,-0.4394897098309217,9.522998757756229,0.01726538974099614,-0.12289738540210446,-0.09357566969766082
1765410067.820133,-3.2245752130273893,-0.4354815971353892,9.523056632798156,0.017261651006674924,-0.12268247321322122,-0.0932954521715874
1765410067.823123,-3.2154844289442464,-0.43132123903616054,9.522103344430429,0.017225747035514622,-0.12250775160711422,-0.09301248616790364
1765410067.825135,-3.2053811315947014,-0.42726491660542426,9.520326599627946,0.01715288138129542,-0.12237244680202788,-0.09272149021133852
1765410067.828213,-3.194649337661569,-0.4235782212268869,9.517939671117542,0.017040362664763282,-0.1222731131614058,-0.09241748720257502
1765410067.830186,-3.18369551053526,-0.4205169780651844,9.515158841710736,0.016887887352360166,-0.12220356386543753,-0.09209595929237294
1765410067.833157,-3.1729119259116416,-0.41830875903349335,9.512181991262858,0.016697657981110184,-0.1221549769540684,-0.09175289113551982
1765410067.835164,-3.162643619527635,-0.4171383366461249,9.509171511737186,0.016474331798445808,-0.12211619726835185,-0.09138471736624103
1765410067.838229,-3.1531626397975665,-0.4171391891152636,9.506243678527502,0.016224805792338953,-0.12207423808602458,-0.09098824120194271
1765410067.840161,-3.144651624681694,-0.41839090664317774,9.503464979519226,0.015957851263256953,-0.1220149620067911,-0.09056060061966717
1765410067.843188,-3.13719711683829,-0.42092042103158134,9.500854664814954,0.015683617722592764,-0.12192389318432956,-0.09009932244276068
1765410067.845175,-3.130792018948936,-0.42470452675350856,9.498392332634213,0.015413033630556098,-0.12178708783648269,-0.08960245030787399
1765410067.848183,-3.1253460611192847,-0.42967226264944586,9.496029370297057,0.015157140014603148,-0.1215919733899003,-0.08906869835680949
1765410067.85015,-3.1207027552852225,-0.4357072990317508,9.493703005119867,0.01492640178629924,-0.12132806523727613,-0.08849759022885614
1765410067.851183,-3.1166609356437793,-0.4426512401690285,9.491351507939617,0.014730049160381254,-0.1209874864673662,-0.08788957867651427
1765410067.855131,-3.1129987585187697,-0.4503083726573768,9.488929026133492,0.014575504073810619,-0.1205652455922071,-0.08724616739276507
1765410067.858127,-3.1094979600057617,-0.45845161804112544,9.48641861346606,0.01446794030193995,-0.12005926418606425,-0.08657004784515705
1765410067.860138,-3.105966109713666,-0.4668292155678434,9.483841943512726,0.01441001185568163,-0.11947018628578979,-0.08586522954933958
1765410067.863155,-3.1022546552665213,-0.4751721851073441,9.481264046615966,0.014401766739129466,-0.11880103438558949,-0.0851371146653013
1765410067.865181,-3.098270972177984,-0.483203321223994,9.478791780848155,0.014440746285169156,-0.11805678686246422,-0.08439247112428948
1765410067.868178,-3.0939833567608326,-0.49064858170986525,9.47656577578343,0.014522254587631367,-0.11724393502938987,-0.083639290869881
1765410067.870198,-3.0894186448868304,-0.4972509445030781,9.474746744876027,0.0146397672235313,-0.11637005221407676,-0.08288655949821921
1765410067.873179,-3.0846528150669013,-0.5027854538992885,9.47349785751341,0.014785436204553104,-0.11544339149747182,-0.0821439844539986
1765410067.875218,-3.0797956299901528,-0.5070730232000807,9.472965231861556,0.014950642697402022,-0.11447252448588446,-0.08142171632011157
1765410067.878184,-3.0749711747171253,-0.5099903609521206,9.473258818614735,0.015126548435324606,-0.1134660305966467,-0.08073006023278664
1765410067.880183,-3.0702970549048523,-0.511474415851444,9.474436314400387,0.015304596357104962,-0.1124322398910572,-0.08007914018723726
1765410067.883173,-3.0658656801952167,-0.5115214904553588,9.476493055200404,0.015476913559160805,-0.11137902697650622,-0.07947847650673318
1765410067.885176,-3.0617308338268705,-0.5101825942751358,9.479360212904787,0.01563658275777102,-0.1103136535787884,-0.07893647476675078
1765410067.887297,-3.0579013829800825,-0.5075568291997963,9.482911632375352,0.015777772987242214,-0.10924266109074215,-0.07845988106559973
1765410067.89014,-3.0543421336168466,-0.5037836907209037,9.486977248283772,0.01589574727708191,-0.1081718175496701,-0.07805329151588397
1765410067.893188,-3.0509804267286404,-0.4990341193013432,9.491359662575665,0.015986783792604736,-0.10710612417739333,-0.07771878642610879
1765410067.895207,-3.0477166108715297,-0.49350000951332257,9.495850695117728,0.016048052478601256,-0.10604988234591654,-0.07745570799845475
1765410067.898163,-3.044436842624699,-0.4873828096194823,9.500245986437768,0.01607748391927981,-0.10500681052319898,-0.07726055735224463
1765410067.900161,-3.041027233300635,-0.4808828811414841,9.504357127076181,0.01607365637878821,-0.10398018668933806,-0.07712698231442933
1765410067.901194,-3.0373887250815987,-0.47419136174484655,9.508021719461944,0.016035714373959457,-0.10297298248277088,-0.07704585784748597
1765410067.905166,-3.033452064718173,-0.46748520926054843,9.511112100007866,0.015963318765762576,-0.10198795391858756,-0.07700549465522508
1765410067.908151,-3.0291918769783637,-0.4609247280629384,9.513543243227115,0.015856616318099016,-0.10102766079040443,-0.07699201426367162
1765410067.910142,-3.024638334029012,-0.4546522249971146,9.51527978713942,0.015716210198350827,-0.10009440644661524,-0.07698989427927927
1765410067.911136,-3.0198846114431435,-0.448790882665194,9.516341369640749,0.015543115346395537,-0.09919012008684387,-0.0769826430763515
1765410067.915135,-3.0150884115070444,-0.4434439591704241,9.51680476246083,0.015338693278759826,-0.09831623062394462,-0.07695354220774805
1765410067.917186,-3.0104662441341605,-0.43869510930192446,9.51680089978414,0.015104574932904133,-0.09747358731488144,-0.0768864058339156
1765410067.920212,-3.006279800910986,-0.43461038803285595,9.516505250089702,0.014842591965417623,-0.09666246490317397,-0.076766330158359
1765410067.923153,-3.002814701841378,-0.4312415271233838,9.516121301279538,0.014554742861600096,-0.0958826629368387,-0.07658041635031639
1765410067.925175,-3.000353140361874,-0.4286291861315979,9.515858734277199,0.014243217732522469,-0.0951336853244258,-0.07631843828076207
1765410067.928171,-2.9991432924480614,-0.42680487400154477,9.515909260317647,0.01391049217430834,-0.094414972272438,-0.0759734059188625
1765410067.930173,-2.9993694464445704,-0.42579118129030374,9.516423623902442,0.013559477510175577,-0.0937261483606867,-0.07554197090647426
1765410067.931259,-3.0011272418520076,-0.42560105425467093,9.517493013576107,0.013193691247848322,-0.0930672432272151,-0.07502464383888871
1765410067.935181,-3.0044078400091374,-0.4262371356975999,9.51913729569818,0.01281739878638175,-0.09243883690035397,-0.07442582962647583
1765410067.938165,-3.0090933261886685,-0.4276914934527474,9.521301351465443,0.012435679909024056,-0.0918420858897263,-0.07375371148426905
1765410067.94017,-3.014963674040955,-0.42994505477979367,9.523859716824358,0.012054389185246404,-0.09127860277500141,-0.07302000779151686
1765410067.941187,-3.0217138539025146,-0.432965710602642,9.526628911909715,0.01168000298458525,-0.09075019168640136,-0.07223959363956743
1765410067.94515,-3.0289785532365165,-0.43670472696330437,9.529386176660918,0.011319369950031886,-0.09025847957839699,-0.07142994685799062
1765410067.948198,-3.036361524093506,-0.44109230885571316,9.531892582623197,0.010979397882146105,-0.08980451506546884,-0.07061037980374996
1765410067.950168,-3.043466541272548,-0.44603398596006744,9.533917724036089,0.010666713291316979,-0.0893884170250566,-0.06980106542841723
1765410067.953152,-3.0499271359699494,-0.45140935399494664,9.535262827837322,0.010387322454895547,-0.08900913752145581,-0.06902193446411703
1765410067.955361,-3.0554326541747203,-0.45707376813072553,9.53577961376023,0.010146291921851036,-0.08866436500917234,-0.0682915653153986
1765410067.958115,-3.0597488159978323,-0.4628625642308541,9.535383505740285,0.009947460320589128,-0.08835055330714255,-0.06762618216839424
1765410067.96013,-3.062731675412216,-0.4685970054627304,9.534061114880073,0.009793195158848482,-0.08806304180515372,-0.06703883278673106
1765410067.963124,-3.0643344333674407,-0.4740915468562321,9.531872506561124,0.009684213325239917,-0.0877962402706855,-0.06653877345584733
1765410067.965192,-3.064606824782807,-0.47916258536918266,9.528948486304033,0.009619485799231815,-0.0875438719163283,-0.06613107133274361
1765410067.968163,-3.0636869613606454,-0.48363886491735675,9.525482570427798,0.009596243964042937,-0.08729927954707903,-0.06581644052894219
1765410067.97015,-3.061785933607481,-0.48737293136858195,9.521717304824293,0.00961009828968518,-0.08705579266701888,-0.06559133525374793
1765410067.973174,-3.059166343243974,-0.49025201054828754,9.517925556054381,0.009655271149426563,-0.08680713079146231,-0.06544831079145003
1765410067.975175,-3.056116955224087,-0.49220624510395045,9.51438879630667,0.009724935064191103,-0.0865477900812474,-0.0653766257117264
1765410067.978129,-3.052926321549505,-0.4932128543482274,9.511375305207306,0.00981163628798998,-0.08627334658043982,-0.06536301229508473
1765410067.98026,-3.0498583496028138,-0.49329619779236183,9.509121223927124,0.009907771860827485,-0.08598062666166703,-0.06539251581204777
1765410067.983217,-3.0471324489763276,-0.4925250286742659,9.507816724721506,0.01000607888089069,-0.0856677371199563,-0.06544931616361833
1765410067.985223,-3.044910096144359,-0.4910085239641191,9.507598446807396,0.010100091484055709,-0.08533398671919701,-0.065517488562639
1765410067.986197,-3.043288460578653,-0.48889180319615827,9.508548026104995,0.010184523620647687,-0.0849797464952639,-0.06558170287828759
1765410067.990153,-3.042300505074357,-0.4863503609483681,9.51069539199421,0.010255541569072086,-0.08460628798650749,-0.06562787601691183
1765410067.993177,-3.0419201552391195,-0.48358220952745445,9.514024841425982,0.010310899611502413,-0.08421562092768778,-0.06564377378714514
1765410067.995244,-3.0420709237554533,-0.48079704771420223,9.518481869711975,0.010349926796299654,-0.08381033751386652,-0.06561952811732182
1765410067.998214,-3.0426366854539695,-0.47820303282691556,9.523979362508705,0.010373369969753774,-0.08339346473530844,-0.06554801879296293
1765410068.000216,-3.0434737965412895,-0.47599285872454455,9.530402719054187,0.010383114826498988,-0.08296832983451599,-0.06542507966889745
1765410068.003171,-3.044423972226868,-0.4743311275417537,9.53761410932481,0.010381821286963763,-0.0825384500945037,-0.06524952111814245
1765410068.005137,-3.0453270900567135,-0.47334435830717553,9.545456062690041,0.010372520253241778,-0.08210745469586146,-0.0650229922339888
1765410068.008127,-3.0460327236930858,-0.47311395479732254,9.553754417145656,0.010358221267724501,-0.08167902999887476,-0.06474971722692212
1765410068.010155,-3.0464092580915647,-0.47367183449135386,9.562320845434435,0.010341571839865062,-0.08125686497699292,-0.06443612747699533
1765410068.012198,-3.046349992457913,-0.474998591205484,9.570955549152414,0.010324592995547617,-0.0808445760753381,-0.0640903927381555
1765410068.015244,-3.045776319221734,-0.4770247056638116,9.579450779844207,0.010308500374543957,-0.08044560751823651,-0.06372185594005327
1765410068.021718,-3.044638470736782,-0.47963565879996267,9.587595504181078,0.010293610517103691,-0.08006311987080456,-0.06334040201955929
1765410068.022218,-3.042914401208685,-0.48268128483566597,9.595181122514816,0.010279325499420854,-0.07969988696180601,-0.06295582459900383
1765410068.023227,-3.040607352325851,-0.48598849771197894,9.602008019206796,0.010264184064110516,-0.07935821597402615,-0.06257726745988051
1765410068.02521,-3.0377427050792214,-0.4893754464130185,9.607892868532112,0.010245966980842557,-0.0790398899594342,-0.062212794507357
1765410068.028198,-3.034364786050889,-0.4926650046825021,9.61267671453375,0.010221848773822323,-0.07874611743681507,-0.06186909323457576
1765410068.031237,-3.030534216188749,-0.49569637417364687,9.616233537892878,0.010188590942701926,-0.0784774721615217,-0.06155127519234248
1765410068.033174,-3.0263260302474553,-0.49833470128984925,9.618478297446318,0.01014277117047746,-0.07823381607903457,-0.06126272980964406
1765410068.035167,-3.0218281472526507,-0.5004789528405834,9.619372766600197,0.010081043456435101,-0.07801420716767271,-0.0610050140582734
1765410068.038186,-3.0171391432139094,-0.5020675965964451,9.618927560748862,0.010000424335098271,-0.07781679393038735,-0.060777793973145006
1765410068.040194,-3.0123641399481618,-0.5030807583067263,9.617199687682048,0.00989859248593267,-0.07763869698991112,-0.06057886576615093
1765410068.043183,-3.0076081294244514,-0.5035376329761064,9.614286062288743,0.009774175243566949,-0.07747589028569168,-0.0604042652557804
1765410068.045246,-3.002967009543953,-0.5034892306375313,9.61031416862211,0.009626987727249414,-0.07732312196306672,-0.06024844554072089
1765410068.048125,-2.9985177962745513,-0.5030081317391433,9.605431585833935,0.009458191949067685,-0.0771739387430947,-0.06010449600481481
1765410068.050139,-2.9943105022918926,-0.5021777316672709,9.599796430021229,0.009270347861814555,-0.07702087650870294,-0.059964399405282864
1765410068.051213,-2.990364367544414,-0.5010830559465452,9.593570416484123,0.00906733506083874,-0.07685585170671885,-0.05981935405002291
1765410068.055114,-2.986670171261044,-0.4998040100542024,9.586915229611138,0.008854139330606223,-0.07667074074424275,-0.05966019252237913
1765410068.05722,-2.983198667821263,-0.49841075290318543,9.579991905438614,0.008636523139362353,-0.07645807840104925,-0.05947789504593363
1765410068.060146,-2.979913509969833,-0.49696051795521223,9.57296233875346,0.008420623757591537,-0.07621176404042054,-0.05926414436229534
1765410068.063123,-2.9767859347886207,-0.49549568269071426,9.565991653953521,0.008212535659046703,-0.07592766075751811,-0.059011838643907105
1765410068.065194,-2.9738082632168883,-0.49404346864374715,9.559250064714954,0.008017931018148914,-0.07560400522598174,-0.058715493980699626
1765410068.066169,-2.971003783093489,-0.4926176127532851,9.552913159816539,0.00784175620895818,-0.07524158725128686,-0.058371515242735775
1765410068.070131,-2.968431449021413,-0.49122170156584394,9.547160063397495,0.007688020105228637,-0.074843688307169,-0.05797835593187543
1765410068.071135,-2.9661847232446434,-0.4898532344805133,9.542169280440898,0.007559671389003203,-0.0744157905460818,-0.05753659756887875
1765410068.07515,-2.9643847633897122,-0.48850739296930307,9.538112314998681,0.007458554485656383,-0.07396509011141537,-0.05704896255547829
1765410068.076168,-2.9631690961558155,-0.48717988252049754,9.535145605609934,0.007385434537769902,-0.07349986940998265,-0.05652025528475627
1765410068.080176,-2.9626777692929886,-0.4858687131892601,9.533401900211764,0.007340081133502219,-0.07302879670029812,-0.05595722023238208
1765410068.081201,-2.963039384194847,-0.4845751432375922,9.532982497496041,0.007321393888261357,-0.07256022759892815,-0.05536831131889091
1765410068.085188,-2.9643590785968423,-0.4833041190708499,9.533951539065098,0.007327545017949104,-0.07210158230676002,-0.05476337702638385
1765410068.088154,-2.966709543070558,-0.48206431225287316,9.536332858998298,0.007356110306211509,-0.07165885949404015,-0.05415327629849794
1765410068.090191,-2.9701249921519377,-0.4808673835006841,9.540109113084664,0.007404163053339062,-0.07123632181401503,-0.053549445377738696
1765410068.091233,-2.974597237962738,-0.47972584685000574,9.545222338439524,0.007468317117841939,-0.07083636051422772,-0.05296342924340214
1765410068.095216,-2.9800729622434723,-0.47864931758859997,9.551574984475737,0.007544723197804182,-0.07045952938974212,-0.05240637841445292
1765410068.096258,-2.9864518285736676,-0.4776398927344035,9.559030860097485,0.007629040521811146,-0.07010472968395709,-0.05188851042877657
1765410068.100216,-2.9935857079731516,-0.47668819705667653,9.567416085547448,0.007716417507661593,-0.06976952026852315,-0.05141855684001333
1765410068.103226,-3.0012795631606943,-0.4757715080581455,9.576520638116143,0.007801517146879839,-0.06945052141932874,-0.051003250407425246
1765410068.105262,-3.0092944725533735,-0.47485437098172406,9.586101282481003,0.007878616412641601,-0.06914387953791219,-0.05064692810165215
1765410068.108221,-3.0173531751922082,-0.473891033332903,9.5958866139791,0.007941795311790149,-0.06884576312297176,-0.05035131552664596
1765410068.11022,-3.0251484806018447,-0.4728286781998619,9.605584634058081,0.007985212227086905,-0.06855286031975587,-0.05011552082003956
1765410068.111214,-3.0323547221017537,-0.4716108660076268,9.614892745794611,0.008003440748224226,-0.06826283874740663,-0.04993622265430603
1765410068.115207,-3.038641977651833,-0.47018118320506735,9.623509444437577,0.007991824248855695,-0.06797471164922797,-0.049808009233318275
1765410068.118238,-3.043692172227712,-0.46848727935320755,9.631146523071235,0.007946795843854859,-0.06768904589850368,-0.049723817741561184
1765410068.120197,-3.0472157846329195,-0.466485201448182,9.637540608212163,0.007866119374188421,-0.06740796060244117,-0.049675425345165704
1765410068.123226,-3.0489679885123793,-0.46414353337326114,9.64246346965549,0.0077490291125239625,-0.06713489597963385,-0.049653942623938345
1765410068.125221,-3.048763519679274,-0.461446703307751,9.645731548563635,0.007596269820647866,-0.0668741667366714,-0.04965025842697359
1765410068.12822,-3.0464898941157683,-0.45839713373536933,9.647215754168807,0.00741005250184362,-0.0666303462812866,-0.04965539009113121
1765410068.130175,-3.0421184184855203,-0.45501651061635134,9.6468521182245,0.007193942657813656,-0.06640755928047888,-0.049660712320519676
1765410068.13126,-3.0357117938876974,-0.4513468507617829,9.644652453922992,0.006952694331282665,-0.06620878617296139,-0.04965807025756386
1765410068.135215,-3.0274264711750094,-0.4474518342946534,9.640712603949776,0.006692040846986886,-0.06603529243363312,-0.049639814965246186
1765410068.136242,-3.0175078282185472,-0.44341809879223865,9.63521516435231,0.00641845077227257,-0.06588627817095105,-0.04959881711926964
1765410068.140224,-3.006277017028881,-0.4393553859281162,9.628424153628293,0.006138852132357622,-0.06575880148425856,-0.049528509017135805
1765410068.141196,-2.994109845965203,-0.4353941988232803,9.62067067763171,0.005860322535582422,-0.06564797510212646,-0.049422979299728394
1765410068.14521,-2.981409825367596,-0.43168022944709805,9.612330606775192,0.00558974537182293,-0.06554738842197533,-0.04927711193137925
1765410068.148196,-2.9685788988515274,-0.428365967773459,9.60379701275182,0.005333445089593172,-0.06544967855837279,-0.04908673882823875
1765410068.150147,-2.9559899276659314,-0.4256009200743219,9.595451095581558,0.005096830711172755,-0.06534716420658748,-0.04884877600401863
1765410068.153137,-2.943964540247087,-0.42352206907021483,9.587635358708349,0.004884086487151324,-0.06523245746821682,-0.04856133078873235
1765410068.155196,-2.932758732165468,-0.4222454919966187,9.580632103366758,0.004697947024250224,-0.06509897673730262,-0.048223783030008405
1765410068.156194,-2.9225570208193226,-0.4218591038451041,9.574649283140525,0.004539582754688721,-0.06494130040363429,-0.04783684062856712
1765410068.160033,-2.913474385970601,-0.4224162606951981,9.569814489115805,0.004408605753930102,-0.06475533027373077,-0.04740255291894632
1765410068.163409,-2.9055639667717235,-0.4239306547973043,9.566176416072052,0.004303191179535695,-0.06453827187389509,-0.04692425457407198
1765410068.16524,-2.8988278426633007,-0.42637374128556405,9.563712034625016,0.004220298174702592,-0.06428847265677042,-0.04640642400309604
1765410068.168223,-2.893228324696288,-0.42967590106135395,9.562337309845597,0.004155965454586355,-0.06400517665682298,-0.04585446745869805
1765410068.170255,-2.8886978378970767,-0.43373159634333963,9.561919609660018,0.004105650523947738,-0.06368825689756825,-0.0452744629268473
1765410068.173197,-2.8851463650165083,-0.43840767322102114,9.562290530203908,0.004064578739358885,-0.06333798269980977,-0.04467290424564513
1765410068.17518,-2.882466313520701,-0.4435533954400889,9.563258398096359,0.0040280715994199575,-0.06295486976142894,-0.04405647893030821
1765410068.178153,-2.880535423806995,-0.4490108182108248,9.564620074264164,0.003991832946198258,-0.06253964341516538,-0.04343190123751127
1765410068.180194,-2.879218843224453,-0.45462444633349663,9.566171915014813,0.003952182507011334,-0.062093318761487284,-0.04280580962395397
1765410068.183263,-2.878371627168244,-0.46024955079719365,9.567719901700444,0.003906232578715918,-0.06161736984062786,-0.042184725753028895
1765410068.185225,-2.8778426284222105,-0.4657588592947723,9.569088988944241,0.003852004579461781,-0.06111393361940343,-0.041575062493657555
1765410068.188146,-2.8774801031786064,-0.471047362912189,9.570131564119132,0.003788480962405888,-0.06058598314054603,-0.04098316297573086
1765410068.190325,-2.877138668296866,-0.4760347163972586,9.570734605119203,0.0037155886737246457,-0.06003741125336766,-0.04041534743468145
1765410068.193197,-2.876686761181492,-0.4806646068396902,9.570824847476901,0.0036341155534434237,-0.05947298993982843,-0.0398779333276673
1765410068.195134,-2.8760136158071656,-0.4849009852419634,9.570371217264617,0.0035455693837777367,-0.05889820370136294,-0.0393771837885763
1765410068.197277,-2.8750349334383176,-0.4887220685477609,9.569384042922707,0.0034519955405961323,-0.058318985689263164,-0.03891914704034599
1765410068.200231,-2.8736967346500624,-0.49211381498005646,9.567911064522693,0.003355770220828826,-0.05774139938457684,-0.038509380988549786
1765410068.203293,-2.8719772419045015,-0.49506451460996237,9.566030897341609,0.0032593834048893437,-0.05717130547013687,-0.038152597778428124
1765410068.205288,-2.8698870652871107,-0.4975612813131841,9.563845222999166,0.0031652219913577144,-0.056614042473679065,-0.03785228929399743
1765410068.208251,-2.867468276960851,-0.4995883072346903,9.56147121185068,0.0030753618403073597,-0.056074139710895435,-0.03761039308288264
1765410068.210276,-2.8647928538415313,-0.5011264482042576,9.559035193139058,0.0029913799056199347,-0.05555507541068009,-0.037427034390292935
1765410068.21224,-2.8619604886191983,-0.5021540695677802,9.556667668674116,0.0029142022508263188,-0.05505909121355014,-0.03730035360326021
1765410068.2152,-2.8590953558078884,-0.5026495036223855,9.554499143351881,0.002844005281478548,-0.05458707396287389,-0.03722641776668734
1765410068.218189,-2.8563413217238907,-0.5025953993232388,9.552656240963564,0.002780183277194531,-0.05413851445152446,-0.03719922228280149
1765410068.220261,-2.8538551769453866,-0.5019846471357274,9.55125785498422,0.002721386364726821,-0.05371155106374492,-0.03721080134019419
1765410068.22337,-2.851797674056652,-0.5008268394957929,9.550411249941154,0.002665621648035624,-0.05330310675768809,-0.03725146760026547
1765410068.224766,-2.8503226172403644,-0.499153853247644,9.550208038100871,0.0026104002679917314,-0.052909128960309006,-0.03731018745208448
1765410068.228198,-2.849564969956116,-0.4970233536421281,9.550720025252968,0.0025529099571746745,-0.052524934047261614,-0.03737507428323936
1765410068.23029,-2.8496295623130536,-0.49451970611205626,9.551995207424868,0.0024901970953457924,-0.052145635039293675,-0.03743396160848623
1765410068.233251,-2.8505820695791018,-0.49175253001252794,9.554054568064288,0.0024193492246233237,-0.051766604544709514,-0.03747501069845186
1765410068.235232,-2.8524434002939367,-0.4888534564575512,9.556890394963384,0.0023376732153450133,-0.051383913758381784,-0.03748731355226017
1765410068.236273,-2.8551877520740425,-0.4859713908561814,9.560466393152963,0.0022428650828549388,-0.0509946960839837,-0.03746146020804771
1765410068.240214,-2.858743797197611,-0.48326610619267313,9.564719186614008,0.0021331674310740723,-0.05059739903292247,-0.037390036606442044
1765410068.243217,-2.8629981078023286,-0.4808999263394208,9.56956043302804,0.0020075118651380983,-0.050191901542520984,-0.037268007037396494
1765410068.24528,-2.867800122084148,-0.4790278193614562,9.574878995026662,0.0018656455442104746,-0.04977948679494407,-0.03709293140892636
1765410068.246223,-2.8729684437203034,-0.477786964283967,9.58054315049238,0.0017082397324243823,-0.04936267809414953,-0.03686498758486916
1765410068.248227,-2.8782986690568446,-0.4772871277590752,9.58640323775706,0.001536971783474033,-0.04894496866169581,-0.036586808100504874
1765410068.253134,-2.8835730596139886,-0.4776027874865413,9.592295271988212,0.0013545640818617495,-0.048530496910358434,-0.03626317685225509
1765410068.255212,-2.8885722485721543,-0.4787672767444442,9.59804604151265,0.0011647612814329063,-0.04812372189919532,-0.0359006441323484
1765410068.258227,-2.893088798189596,-0.480768886080035,9.603480017086317,0.0009722340308681493,-0.04772913394374624,-0.03550710440865866
1765410068.260227,-2.896941818851384,-0.48354906313495216,9.608428021268507,0.0007824085284399027,-0.04735100644101765,-0.035091357330373135
1765410068.263224,-2.8999912080194843,-0.48700329131020104,9.612737065839108,0.0006012298826284229,-0.04699317539672063,-0.03466265977232726
1765410068.2652,-2.9021496326679213,-0.4909853919065007,9.616280224976189,0.00043487183661739817,-0.04665882908906435,-0.034230281173132725
1765410068.268265,-2.903390326932524,-0.4953156257290223,9.618965084880946,0.0002894076661373113,-0.046350298457280406,-0.033803085543936295
1765410068.270179,-2.9037492220705743,-0.4997922203477331,9.620739474942727,0.00017045765525554096,-0.04606885530285763,-0.033389169430188166
1765410068.271195,-2.9033208663836176,-0.5042051893402225,9.621593874224763,8.282950981912821e-05,-0.04581454407907643,-0.032995580594977446
1765410068.275228,-2.902248715562294,-0.5083508682499147,9.621560664165864,3.0173265548364867e-05,-0.045586083749867175,-0.0326281275779029
1765410068.278188,-2.900711240524929,-0.5120456005979418,9.620710801625133,1.4681190821675695e-05,-0.04538087210963108,-0.0322912714491997
1765410068.280233,-2.898905750783886,-0.5151373824188591,9.619148538532908,3.686947610431686e-05,-0.045195108378954386,-0.03198807825490952
1765410068.283196,-2.8970319741853356,-0.5175147837734867,9.6170048247203,9.547650027240969e-05,-0.04502402863010767,-0.03172021153943593
1765410068.285322,-2.895277326251667,-0.5191128225643458,9.614430106092051,0.00018750109115138266,-0.044862230047107265,-0.03148795742433313
1765410068.288182,-2.8938053977439484,-0.5199154873897861,9.611587233047436,0.00030838510289936746,-0.04470404908772651,-0.03129028894445768
1765410068.29023,-2.89274851919375,-0.5199544387836533,9.60864500893341,0.0004523218712882121,-0.04454395628418065,-0.03112497891350153
1765410068.293211,-2.892204459797186,-0.5193035142489929,9.605772548037907,0.0006126526193487858,-0.0443769330747874,-0.03098875902031774
1765410068.295245,-2.892236535071545,-0.518069332009235,9.60313418034621,0.0007823028504075616,-0.044198800145230206,-0.03087750862129113
1765410068.298256,-2.8928758499806264,-0.51637926579102,9.600884339341771,0.0009542116573700142,-0.04400647355588459,-0.03078645388093922
1765410068.300169,-2.894124345764135,-0.5143686624199798,9.599161907521363,0.0011217157771568162,-0.043798135988361686,-0.030710368897452853
1765410068.301218,-2.8959577433297623,-0.5121689545342232,9.59808384308382,0.0012788623025761106,-0.04357332064771107,-0.030643784094772242
1765410068.305187,-2.898328022562785,-0.5098975427292424,9.597738314275878,0.001420635477742069,-0.043332907496005865,-0.030581209537211086
1765410068.308244,-2.901165419224737,-0.5076496706501893,9.598177882240686,0.001543093094275185,-0.04307902694453499,-0.030517367657740276
1765410068.310305,-2.9043800602886294,-0.5054924293193893,9.599413565935356,0.0016434168511459386,-0.04281486467004213,-0.03044741120333114
1765410068.313187,-2.9078633961369005,-0.5034613517665644,9.601410813730904,0.001719887801502993,-0.04254436998278803,-0.030367094439342317
1765410068.315165,-2.9114895031670365,-0.50156028171562,9.604088173422825,0.001771802253443579,-0.04227188748346516,-0.03027287648631594
1765410068.318222,-2.915116197159857,-0.4997649087793638,9.607318798802574,0.0017993461797772233,-0.04200175062261356,-0.030161956971307028
1765410068.320228,-2.918586005348713,-0.4980295883438595,9.61093446139544,0.001803447846340581,-0.04173788783996802,-0.03003226092955229
1765410068.322183,-2.9217274745873194,-0.4962962812987118,9.614731882546744,0.00178562758950817,-0.041483489614044675,-0.029882393285871715
1765410068.325221,-2.924357660780368,-0.4945041769372061,9.618481560275246,0.0017478583870256246,-0.04124076725760894,-0.029711575876992122
1765410068.328206,-2.926286598639293,-0.49259887772064587,9.621939234385954,0.0016924417512194647,-0.04101081191435723,-0.029519572191341773
1765410068.330179,-2.927324206346169,-0.49054052017567634,9.62485974266481,0.0016218952947370292,-0.040793547955687806,-0.029306605122580147
1765410068.333228,-2.9272896758748006,-0.48831046225638064,9.627012608730357,0.0015388456392122782,-0.04058777214705519,-0.029073279259577693
1765410068.33521,-2.9260229271608758,-0.48591613835395986,9.628198311739856,0.0014459229872455764,-0.04039127230699532,-0.028820523013681893
1765410068.339217,-2.9233971820185176,-0.4833936000634356,9.628263822313047,0.00134565852985536,-0.040201020926017066,-0.028549561766576453
1765410068.340191,-2.9193314144064635,-0.4808073200292144,9.627115912012183,0.001240390631838451,-0.0400134384289007,-0.02826192255756466
1765410068.34327,-2.913801491490036,-0.4782470807036793,9.624731035335719,0.0011321888738188412,-0.039824715120448426,-0.027959458866270537
1765410068.345217,-2.9068489582635944,-0.4758221620222336,9.621160884984395,0.0010228049903165273,-0.039631168754605546,-0.02764437663146799
1765410068.348196,-2.8985863894460557,-0.4736534795191991,9.616532824840025,0.000913656637604552,-0.0394296007196179,-0.027319243377732477
1765410068.350154,-2.889198238959427,-0.47186460150731324,9.611044635338814,0.0008058456236980306,-0.039217604827268,-0.02698697011289485
1765410068.351221,-2.878936477952986,-0.4705725122096203,9.604953669489293,0.0007002079844565201,-0.038993779943959805,-0.02665076501799971
1765410068.353159,-2.868110942507903,-0.46987867461135974,9.598561347074183,0.0005973888229660775,-0.038757802627664345,-0.026314062584698514
1765410068.358197,-2.857074876450785,-0.46986071313661115,9.59219439352163,0.0004979298442115991,-0.03851033654342678,-0.025980429616792058
1765410068.360195,-2.846206545858869,-0.47056511055951333,9.58618424165902,0.0004023535098493791,-0.03825279304740541,-0.02565344498653671
1765410068.363165,-2.8358881231466717,-0.47200157548627814,9.580845864672119,0.0003112278480598982,-0.03798699426900929,-0.025336550790624097
1765410068.365196,-2.8264832716966044,-0.47413986970615357,9.576457241282293,0.00022520138594627303,-0.03771480582821726,-0.025032881306360125
1765410068.368232,-2.8183149041542546,-0.4769096901545148,9.573240644515034,0.0001450051630622574,-0.03743779984966964,-0.024745087798142672
1765410068.370216,-2.811644504820827,-0.4802037158156968,9.571346912595276,7.142444432766486e-05,-0.03715699312101417,-0.024475183582505892
1765410068.373209,-2.806654357905432,-0.4838833679327833,9.570843811227665,5.246311614712207e-06,-0.03687268884432216,-0.024224429548304793
1765410068.375211,-2.8034340294504823,-0.48778647746510995,9.571709534151678,-5.2808590808896116e-05,-0.036584434880233586,-0.023993266664830683
1765410068.378203,-2.8019724212178203,-0.49173607770033906,9.573832238337705,-0.00010216281459500083,-0.03629109791755269,-0.023781287584283092
1765410068.380178,-2.802156563697222,-0.4955498092193093,9.577016167738362,-0.00014246419491621386,-0.0359910427085172,-0.02358723608639074
1765410068.383162,-2.8037779457828784,-0.4990495942168235,9.580994350900754,-0.00017367346067055712,-0.035682396032886886,-0.023409035004270724
1765410068.385202,-2.8065465321037304,-0.5020711144820711,9.585447180388915,-0.000196156444878342,-0.03536336508271969,-0.02324385976292306
1765410068.38817,-2.8101117886928555,-0.5044723900384284,9.59002559633084,-0.00021077563375955857,-0.03503257402756435,-0.023088278050785286
1765410068.390158,-2.8140891852617655,-0.5061407458017022,9.594377144877662,-0.00021897159548029955,-0.03468938477374601,-0.022938459773168888
1765410068.393203,-2.81808986676992,-0.5069977869508102,9.598172722789736,-0.00022282203408253835,-0.03433417518750834,-0.022790437694175363
1765410068.395212,-2.8217506248273896,-0.5070024453720574,9.601131387609394,-0.00022506472450923125,-0.03396855450692668,-0.022640385992994984
1765410068.398192,-2.8247612016602,-0.5061523788768539,9.603040576668812,-0.0002290705275558054,-0.03359549968494224,-0.022484886107711217
1765410068.400211,-2.8268864624712498,-0.5044838983054181,9.603769712385917,-0.00023875388286378495,-0.03321939869884189,-0.02232115778710033
1765410068.403211,-2.8279818797912952,-0.5020703484375474,9.603276288212324,-0.0002584104355402168,-0.03284598695456294,-0.02214723959881606
1765410068.405236,-2.8280016969222532,-0.4990187351751303,9.601604685827676,-0.0002924757423091168,-0.03248216127831182,-0.021962105960505723
1765410068.408226,-2.826999801045308,-0.4954644857694212,9.598878833529392,-0.00034520744260359336,-0.03213565691794566,-0.02176570949225504
1765410068.41022,-2.825123707009503,-0.4915644772424015,9.595290215979261,-0.0004203074883033186,-0.031814581967123404,-0.021558941385463014
1765410068.413183,-2.8226022548587415,-0.48748871891853635,9.591082665843633,-0.0005205192066853435,-0.0315268225832429,-0.021343511407620298
1765410068.415178,-2.819727808690211,-0.4834112200583235,9.586535020010498,-0.0006472495540014938,-0.03127935846454277,-0.021121762369948525
1765410068.418255,-2.8168340102825056,-0.47950059136684337,9.581942493466165,-0.0008002725896092555,-0.031077554037419946,-0.020896446101241434
1765410068.420283,-2.8142704692077505,-0.47591086360504964,9.577597684930776,-0.000977564010576507,-0.030924505840709837,-0.020670492738537882
1765410068.423194,-2.812376029866328,-0.4727729471448787,9.573772248471274,-0.0011753021275960548,-0.03082052344898755,-0.020446798981311787
1765410068.425187,-2.811452395883405,-0.4701872010056312,9.570700249190242,-0.0013880516295566548,-0.030762804258694567,-0.020228047070851643
1765410068.42824,-2.8117400588076666,-0.46821774489866097,9.56856426926314,-0.001609123995739751,-0.03074534163378977,-0.020016554548411024
1765410068.430244,-2.8133986980806416,-0.4668893063862767,9.56748556935076,-0.0018310838552608162,-0.030759085100709575,-0.019814153869686754
1765410068.43123,-2.816494133246481,-0.46618733225864833,9.567519591511285,-0.002046347832649097,-0.030792349268216473,-0.01962210892284612
1765410068.435264,-2.8209931792988816,-0.46606165431969715,9.568657343491411,-0.0022478059499651585,-0.030831446207257487,-0.01944108200126766
1765410068.438263,-2.826766624651634,-0.4664332637508453,9.570832072788741,-0.002429389174634645,-0.03086149531311462,-0.019271160906515445
1765410068.440274,-2.8335996149325955,-0.46720306616123913,9.57392993412071,-0.0025865141431727304,-0.03086734400306542,-0.01911194146234001
1765410068.443269,-2.841208232274095,-0.46826124782482437,9.577803299863362,-0.0027163593086156268,-0.030834517469814218,-0.01896264435988844
1765410068.44528,-2.8492607738809674,-0.46949617048023795,9.582285462651164,-0.0028179596597198947,-0.030750118570839955,-0.018822238033743558
1765410068.448214,-2.8574019227514245,-0.47080223923018266,9.587205372924394,-0.002892136755169704,-0.030603621386995062,-0.01868954642138186
1765410068.450213,-2.8652777184904155,-0.472086536928706,9.59240094301242,-0.002941297719261932,-0.030387527128207397,-0.01856333733907927
1765410068.453154,-2.87255912910712,-0.47327398700138357,9.597729616540438,-0.0029691418439705248,-0.03009786244703973,-0.01844240231034686
1765410068.455191,-2.8789621651035393,-0.4743105782578215,9.603075293188633,-0.0029803119902703902,-0.029734500405518203,-0.018325640932793295
1765410068.458198,-2.8842628880871852,-0.47516414629340564,9.608351135517287,-0.00298002318001919,-0.0293012862711817,-0.0182121502449529
1765410068.460197,-2.8883063276975647,-0.4758225706136051,9.613498234266366,-0.0029736946456706756,-0.028805957623969182,-0.01810130255821201
1765410068.463191,-2.891009076273782,-0.4762898703674386,9.618480565029145,-0.0029666075582204647,-0.028259855547036722,-0.017992788639258746
1765410068.465184,-2.8923559660481075,-0.4765812005982625,9.623277046538686,-0.002963609972840709,-0.027677430807345152,-0.017886612295656818
1765410068.468209,-2.8923916870255315,-0.4767178649959616,9.627871775392405,-0.002968889810229799,-0.027075561580585893,-0.017783038350546395
1765410068.469202,-2.8912085575107276,-0.47672315867255527,9.63224370911698,-0.0029858316690971097,-0.026472717929800615,-0.017682504986623125
1765410068.473187,-2.888931967191553,-0.476619410075701,9.636357219044156,-0.0030169628208955765,-0.02588802626183824,-0.017585509280829265
1765410068.475164,-2.885705261885705,-0.47642628746696963,9.640155023504672,-0.0030639793758179836,-0.025340297112191375,-0.0174924699751358
1765410068.478208,-2.8816759752252814,-0.47616030398402326,9.643554968042077,-0.0031278290126050805,-0.024847078315677288,-0.017403574533342552
1765410068.480259,-2.8769851856307995,-0.47583535840396973,9.646451739265178,-0.0032088180983564584,-0.024423785182458857,-0.01731862898070956
1765410068.483283,-2.8717612037617672,-0.4754640310000489,9.648723721522739,-0.0033067129982772446,-0.02408294737750463,-0.017236939844398093
1765410068.485215,-2.866117834449728,-0.47505928614967347,9.650244054651157,-0.003420815545682565,-0.023833605200837514,-0.01715725863107647
1765410068.488178,-2.860156499075243,-0.47463626191774966,9.650894080095426,-0.0035500049061506027,-0.023680883708904595,-0.017077809545818695
1765410068.490184,-2.853970900546756,-0.47421390372988065,9.650577084025544,-0.0036927490102576046,-0.023625764053145544,-0.01699640524967757
1765410068.491228,-2.847652646400405,-0.47381625519895926,9.649230346137312,-0.0038470976864107653,-0.02366505604151455,-0.016910637649488393
1765410068.495238,-2.8412961804487753,-0.4734732346849429,9.646833732975894,-0.00401067514418659,-0.023791561043397115,-0.016818115034060045
1765410068.498221,-2.8350015733237464,-0.47322072700628093,9.64341354805333,-0.0041806896577534615,-0.023994404651193103,-0.016716709157618168
1765410068.500244,-2.8288742432384755,-0.47309983056763455,9.639041158764844,-0.0043539740229426365,-0.024259512426641195,-0.01660477910771276
1765410068.503204,-2.823021359935969,-0.47315512107061497,9.6338268249269,-0.0045270648162731185,-0.024570198460965687,-0.016481348538825383
1765410068.505199,-2.817545377023696,-0.4734318460354076,9.627909939345423,-0.004696323223022022,-0.024907836472643448,-0.016346221361488913
1765410068.508247,-2.8125358013386306,-0.4739721270532341,9.621447520716583,-0.004858093852143994,-0.025252586192884723,-0.016200024751523927
1765410068.509259,-2.808060789426773,-0.4748105531725439,9.61460310840249,-0.005008889592306145,-0.025584151773394757,-0.01604417076185287
1765410068.513256,-2.804160217394583,-0.47596988192379197,9.60753794176218,-0.005145582292972417,-0.02588255225839434,-0.015880734719470192
1765410068.515308,-2.8008414700891566,-0.47745772709989853,9.600405507269135,-0.005265574460463845,-0.026128885998159098,-0.015712261250500858
1765410068.518246,-2.7980785692364614,-0.47926498049967287,9.59334954832368,-0.005366928470303156,-0.02630607151365788,-0.015541522341833869
1765410068.520284,-2.795814650228924,-0.4813662981177412,9.586504771957005,-0.005448436899068637,-0.02639954633550476,-0.015371260111497724
1765410068.523694,-2.793967303598234,-0.4837224228728263,9.579998931619379,-0.005509628517272843,-0.026397900549008278,-0.015203946555154375
1765410068.525671,-2.7924359550320035,-0.48628366438498355,9.573954821899479,-0.005550716443558127,-0.02629341326319539,-0.015041584001375766
1765410068.525727,-2.791110319271745,-0.488993734484927,9.568490970542594,-0.005572505099798797,-0.026082452740636107,-0.014885557697785249
1765410068.530258,-2.7898790396088713,-0.4917933617454499,9.563720284333947,-0.005576278179584123,-0.025765699534639128,-0.014736542119400679
1765410068.533196,-2.788637841257636,-0.494623455789971,9.559746461194296,-0.005563688913771842,-0.02534815859812584,-0.014594459350567532
1765410068.534218,-2.7872967786932348,-0.4974277851458261,9.5566586067282,-0.005536667616406995,-0.024838940607648793,-0.014458490477915448
1765410068.538174,-2.7857863424374636,-0.5001550868044319,9.554525077783113,-0.005497354475879014,-0.02425081199138039,-0.014327144440914113
1765410068.540204,-2.784062226765758,-0.5027604067169268,9.553387829186047,-0.005448061873297266,-0.02359953264322535,-0.01419838693834926
1765410068.541175,-2.7821084711245123,-0.5052054936123218,9.553258335599736,-0.005391269273927925,-0.022903017292977487,-0.014069821063194555
1765410068.545222,-2.7799386395724706,-0.5074582857392073,9.554115744980122,-0.00532965086619125,-0.02218037181465342,-0.013938894357001222
1765410068.548223,-2.7775948391108116,-0.5094918332467246,9.55590757586164,-0.00526612973405801,-0.021450870158476694,-0.013803093952852664
1765410068.550247,-2.7751446494793393,-0.511283242960964,9.55855296949726,-0.005203944141602749,-0.02073294946266667,-0.013660093116717151
1765410068.553269,-2.772676257357968,-0.5128132799372397,9.561948112805407,-0.00514670415687852,-0.02004330622129916,-0.013507831234146957
1765410068.554282,-2.770292152669876,-0.5140670016718222,9.565973044543194,-0.005098412703486007,-0.019396168391710187,-0.013344535357822646
1765410068.558179,-2.7681017361759834,-0.5150352913875931,9.57049885454758,-0.005063426165391783,-0.018802792955886452,-0.013168708977330903
1765410068.560325,-2.766213273257836,-0.515716711086366,9.575394362173324,-0.0050463362542030885,-0.018271203730694668,-0.012979113068556326
1765410068.56334,-2.7647258761990288,-0.5161190643593115,9.580531652827531,-0.005051765189047948,-0.017806155576440615,-0.012774750071290208
1765410068.565228,-2.7637224568243295,-0.516260456441445,9.585790231232222,-0.0050840783188378005,-0.01740929448750975,-0.012554847845090502
1765410068.567404,-2.7632645959350803,-0.5161700832528362,9.591059850012076,-0.005147031874183723,-0.017079472705918655,-0.01231884043582184
1765410068.570199,-2.763389913564906,-0.5158890427353144,9.596242209020975,-0.005243387976501087,-0.016813170973109828,-0.012066354719468793
1765410068.573212,-2.7641119446061024,-0.5154710504655706,9.601251745067623,-0.005374539765005088,-0.01660497942245693,-0.011797222226000843
1765410068.575218,-2.7654219661186774,-0.5149824012281092,9.606015672332404,-0.00554019115830083,-0.016448094904417586,-0.011511529543812241
1765410068.578203,-2.7672918816814844,-0.5145003450096811,9.610473281947748,-0.005738129350083346,-0.01633480322154335,-0.011209700071060853
1765410068.580198,-2.7696773071123633,-0.5141094392874048,9.614574406329407,-0.005964119364861828,-0.016256928402690256,-0.010892581396016763
1765410068.583216,-2.772520427357916,-0.5138961172794513,9.618277094192878,-0.006211941395046814,-0.01620624312075517,-0.010561512004490152
1765410068.584188,-2.7757527050503046,-0.5139421955815131,9.62154484274242,-0.006473581692114287,-0.016174836273423636,-0.010218357397314347
1765410068.588244,-2.7792977356729427,-0.5143180980108396,9.624343918972965,-0.006739575559557915,-0.0161554246116578,-0.009865523497504065
1765410068.5902,-2.7830744107510546,-0.5150763371867778,9.62664130802173,-0.006999486894742917,-0.01614158514694463,-0.009505959762979516
1765410068.591249,-2.7870003333497446,-0.5162455839318769,9.628403799779743,-0.007242493440234834,-0.016127883582965484,-0.009143153371183745
1765410068.595269,-2.7909953400593044,-0.51782569572626,9.629598692349594,-0.007458032768469065,-0.016109882950244344,-0.00878109870335909
1765410068.598265,-2.7949850143529456,-0.5197843829179908,9.630196425536987,-0.007636454463002162,-0.016084033542217487,-0.008424216944133492
1765410068.600237,-2.7989041161534405,-0.5220565312460774,9.630175100217485,-0.007769620308225152,-0.01604746674793389,-0.008077208073244704
1765410068.603288,-2.8026997953422916,-0.5245471892803275,9.629526369176952,-0.00785139628817136,-0.01599773554940088,-0.007744840093603792
1765410068.605283,-2.806334285294874,-0.5271386198606117,9.62826176261322,-0.007877989172498363,-0.015932555794538044,-0.007431706147504194
1765410068.608276,-2.8097866101823246,-0.5297007544678608,9.62641832024239,-0.007848098383957846,-0.01584960041992225,-0.007141994280356472
1765410068.610229,-2.813052850010075,-0.5321033785163548,9.624062528290038,-0.007762878847056793,-0.015746384577890342,-0.0068793079831166925
1765410068.61121,-2.816144726509671,-0.5342279157098179,9.621291900379545,-0.007625735917335322,-0.015620258132202946,-0.006646552240069253
1765410068.613292,-2.819086584914324,-0.535976940679757,9.618233887379827,-0.0074419919340535405,-0.015468500679282725,-0.006445875526805713
1765410068.618306,-2.8219110895098254,-0.5372803005015254,9.615042004485641,-0.007218472433369037,-0.015288499937798152,-0.006278648838685909
1765410068.623777,-2.8246540364441115,-0.5380975401312663,9.611889134527472,-0.006963060614593869,-0.015077987429921278,-0.006145470747605861
1765410068.624277,-2.8273486728675303,-0.5384168735954216,9.60895807632101,-0.0066842641533070846,-0.014835300379297216,-0.006046200105560442
1765410068.62519,-2.8300199624049442,-0.5382511672042615,9.606429762381437,-0.006390829192745648,-0.014559633512211888,-0.00598001981358924
1765410068.628246,-2.8326794475785237,-0.5376315096020863,9.604470178220394,-0.006091421935680481,-0.014251243818172601,-0.005945522470201987
1765410068.630244,-2.8353215905583022,-0.5365991959362186,9.603217582268636,-0.005794381722074532,-0.013911580137011314,-0.005940793859949138
1765410068.633215,-2.837922435327459,-0.5351973685434309,9.602771773883639,-0.005507536582898973,-0.013543326631932058,-0.005963469351893414
1765410068.634282,-2.8404409709368554,-0.533463813694513,9.603186745837341,-0.005238066817114177,-0.0131503685084155,-0.00601075559558067
1765410068.638219,-2.8428228405514324,-0.5314261341730241,9.604467282666205,-0.004992403674213845,-0.01273770146035642,-0.006079433003480542
1765410068.639307,-2.845005408270677,-0.5290996915253482,9.606569303205447,-0.004776155326384791,-0.012311307948754742,-0.006165865280109092
1765410068.643189,-2.8469230029530874,-0.5264878213451865,9.609403296564757,-0.004594056769775143,-0.01187801536421466,-0.006266032717724371
1765410068.6452,-2.8485114698440857,-0.5235834722905842,9.612840115709405,-0.004449941419628387,-0.011445339898007594,-0.006375584572213542
1765410068.648194,-2.8497117370931284,-0.5203717938637615,9.616718514248022,-0.0043467306133743305,-0.01102131105190742,-0.006489890565420744
1765410068.650238,-2.850472615797624,-0.5168338991289855,9.620853976321635,-0.004286435839205157,-0.010614268251484994,-0.006604076243390077
1765410068.65321,-2.85075330673174,-0.5129523947590785,9.625048520057794,-0.004270168818810818,-0.010232623871311505,-0.006713049566914899
1765410068.655215,-2.8505260548583915,-0.5087188976839714,9.629101200190165,-0.004298155570453944,-0.009884593080402515,-0.006811548952064786
1765410068.656184,-2.8497791272687363,-0.5041428139681408,9.632818958268281,-0.004369751204238792,-0.009577895783980044,-0.00689424680968975
1765410068.66027,-2.8485199142025843,-0.4992597666131761,9.63602731309017,-0.004483453785548808,-0.009319439818848684,-0.006955923878302402
1765410068.663352,-2.8467776498743174,-0.4941378121936355,9.63858023949319,-0.004636920058494947,-0.00911500086324088,-0.006991703055902182
1765410068.663852,-2.8446051522749314,-0.4888800749117649,9.640368484035493,-0.0048269916363638,-0.008968922299480188,-0.006997315204362127
1765410068.66819,-2.842079085864989,-0.483623262625598,9.641325523413347,-0.005049742773826518,-0.008883862619206904,-0.006969368701930514
1765410068.670182,-2.839298494299582,-0.47853226334763743,9.641430488518024,-0.005300557788037755,-0.00886061683363023,-0.006905600196245183
1765410068.673183,-2.836381676299082,-0.47379149575554536,9.640707754465536,-0.005574240532458152,-0.008898032964952741,-0.0068050851992842295
1765410068.675328,-2.833461768663502,-0.4695939940590354,9.639223406615796,-0.005865153546468692,-0.00899303494344878,-0.006668383316726391
1765410068.678278,-2.830681489555483,-0.4661294013262629,9.637079158594608,-0.006167380488836781,-0.009140748747358889,-0.0064975930763449445
1765410068.68033,-2.828187371300488,-0.46357204717460154,9.634404444987995,-0.006474901105154585,-0.009334713916130794,-0.0062963022223078025
1765410068.683671,-2.8261236561021743,-0.462070065428414,9.631347467707696,-0.006781764038183859,-0.009567155317886494,-0.006069436807505262
1765410068.685201,-2.8246259514325236,-0.4617361971602899,9.628065947574328,-0.007082240408670597,-0.00982929252141729,-0.0058230269124514705
1765410068.687719,-2.8238146871177876,-0.46264066674498466,9.624718136855863,-0.007370941813854336,-0.010111670536136036,-0.005563914313501098
1765410068.688937,-2.8237883819186247,-0.46480631957190927,9.62145441533695,-0.007642893559841392,-0.01040449996072371,-0.005299430336408668
1765410068.693322,-2.8246168401722174,-0.4682060343789939,9.618409744425701,-0.007893568398848727,-0.010697996592383444,-0.005037071728648256
1765410068.695256,-2.826334685336524,-0.4727623377354436,9.61569733648619,-0.008118900955733512,-0.010982712742855411,-0.004784196722514636
1765410068.697463,-2.828935932449252,-0.4783492559509466,9.613403873000017,-0.008315308931426643,-0.011249854731947638,-0.004547753314509489
1765410068.700285,-2.8323704378643013,-0.4847966765326136,9.611586429602891,-0.008479741637507532,-0.011491581547282798,-0.004334042911354078
1765410068.703317,-2.8365429962404383,-0.4918975785112545,9.610271094849429,-0.008609764414289307,-0.011701277877448756,-0.004148520338082499
1765410068.704276,-2.841315597316459,-0.49941816897033975,9.60945319428063,-0.00870367419397249,-0.011873790811046774,-0.0039956355171304045
1765410068.708204,-2.8465129635454187,-0.5071102865955577,9.609099026205987,-0.008760629272808768,-0.012005614816171094,-0.003878726196556849
1765410068.710203,-2.8519310961317927,-0.5147247846006912,9.609149068516079,-0.008780767152540692,-0.012095008277191588,-0.0037999669453607767
1765410068.713196,-2.8573482802118195,-0.5220243767785212,9.609522701158275,-0.008765280834190911,-0.012142030225015622,-0.0037603672271617843
1765410068.715222,-2.862537818291556,-0.5287947051496091,9.610124467925834,-0.00871642841949546,-0.012148495340613836,-0.003759800856539859
1765410068.718263,-2.867281589963179,-0.5348529337771304,9.610851659472681,-0.008637462791946935,-0.012117852344532637,-0.0037970500592778397
1765410068.720226,-2.87138338880225,-0.5400536782533213,9.611602646306233,-0.008532483310344084,-0.01205499221663233,-0.003869858178237969
1765410068.723235,-2.874680942959244,-0.5442923724357172,9.612285141342506,-0.008406224488315309,-0.011965991482243973,-0.003974996209982232
1765410068.724286,-2.8770556051932714,-0.5475062897368799,9.612823504150972,-0.008263804882416946,-0.01185779816324328,-0.0041083525591955284
1765410068.726213,-2.878438900654334,-0.5496735129036034,9.613164296314665,-0.008110462888659655,-0.011737875982516187,-0.00426505253545166
1765410068.730254,-2.878815481826625,-0.5508102447184001,9.613279584911693,-0.007951305157342057,-0.011613830833761999,-0.004439607901832083
1765410068.733208,-2.878222495931555,-0.5509669101742556,9.613167912355875,-0.007791088924686871,-0.011493045617358534,-0.004626090555359469
1765410068.735371,-2.876745699261622,-0.550223443092689,9.61285317435628,-0.007634054342104474,-0.01138234488104037,-0.004818320621963211
1765410068.738259,-2.874512735286779,-0.5486839840312925,9.61238172821405,-0.007483818045529163,-0.011287704326125216,-0.005010059303306327
1765410068.740284,-2.8716839907425284,-0.5464710328665286,9.611818020515347,-0.007343332828452397,-0.011214015200810973,-0.005195199165544465
1765410068.743261,-2.8684415586853116,-0.543719032804319,9.611239042647949,-0.007214909284085285,-0.011164909108319855,-0.005367944945373872
1765410068.745249,-2.864977048271613,-0.5405675201510708,9.61072797497787,-0.0071002863848284034,-0.0111426451310387,-0.005522973997834523
1765410068.748231,-2.861479143825636,-0.5371543294896947,9.610367401722952,-0.007000732341531833,-0.01114806097758948,-0.005655561013562655
1765410068.750221,-2.8581218442463694,-0.5336096765846663,9.610232489604954,-0.006917154591039361,-0.011180592353137899,-0.005761654441820937
1765410068.753204,-2.8550541697028744,-0.5300519567964662,9.61038451836999,-0.006850197132626554,-0.011238364489689779,-0.0058379059119437115
1765410068.755278,-2.8523918359674267,-0.5265856809898367,9.61086509150959,-0.006800305960032925,-0.011318354257922384,-0.005881672802280843
1765410068.758245,-2.850211151590492,-0.5233013125927529,9.611691331654765,-0.006767750927695081,-0.011416615052534926,-0.0058910260682060395
1765410068.758745,-2.848545370289495,-0.5202762104944836,9.612852500144886,-0.006752603706655406,-0.01152855345874114,-0.005864791774035703
1765410068.761219,-2.847383838113331,-0.5175756847180029,9.614308640164989,-0.006754682994363182,-0.011649243261074275,-0.0058026353390320485
1765410068.765237,-2.8466742429050083,-0.5152534014296647,9.615991736364373,-0.006773486642496618,-0.011773755206947985,-0.005705171112333213
1765410068.768264,-2.8463280131797277,-0.5133508968134141,9.617809484252017,-0.006808132835975277,-0.01189747418881875,-0.005574060463975014
1765410068.770262,-2.8462285715364652,-0.5118965075707188,9.619651342458964,-0.006857327568775403,-0.012016375121813826,-0.005412059610786331
1765410068.773229,-2.846241827647665,-0.5109043430011735,9.621396260520966,-0.006919366557914057,-0.012127233799393969,-0.005222992839713894
1765410068.775231,-2.846227960645145,-0.5103739207243707,9.622921250497717,-0.006992171302010731,-0.012227754902286728,-0.005011646496694935
1765410068.778239,-2.846053241643687,-0.5102908683335204,9.624109810296323,-0.007073352966100626,-0.012316606024863008,-0.0047835934148461184
1765410068.780237,-2.8456006024736094,-0.5106288188619111,9.62485931266695,-0.007160293867262327,-0.012393355888718855,-0.004544964545973171
1765410068.783262,-2.844777960071092,-0.5113523737683491,9.625086867320785,-0.007250235441446218,-0.012458324212606451,-0.004302189114136172
1765410068.785199,-2.8435237646425007,-0.5124207483171319,9.624733553591115,-0.007340364138456064,-0.012512356863515268,-0.004061729139515259
1765410068.786257,-2.8418096440364344,-0.5137914380614218,9.623767115792665,-0.007427890450475478,-0.01255654546091966,-0.0038298351687083444
1765410068.790257,-2.839640346016629,-0.5154230580001026,9.622183313938535,-0.007510118667595362,-0.012591918468477192,-0.0036123426513989267
1765410068.793223,-2.837051427736308,-0.5172766043820844,9.620006183908437,-0.007584505933477279,-0.012619137511108856,-0.0034145131607600937
1765410068.794218,-2.8341052150143025,-0.5193148716453284,9.617287359645621,-0.007648709756331181,-0.01263823367519483,-0.003240909223339383
1765410068.798325,-2.8308854807427513,-0.5215004480694853,9.61410437790044,-0.007700623140667219,-0.012648415491024622,-0.003095285912932999
1765410068.80021,-2.8274912625956987,-0.5237932348130385,9.610557790810333,-0.007738395823036049,-0.01264797645978092,-0.002980490819846344
1765410068.803274,-2.8240303142361896,-0.5261484936418764,9.60676705484399,-0.007760440540620827,-0.01263432299853262,-0.0028983803863610593
1765410068.805287,-2.8206126806288343,-0.5285160415036932,9.602865332903107,-0.007765426772956356,-0.012604128998419294,-0.0028497725759072026
1765410068.808261,-2.8173446979218593,-0.530840642328306,9.598993390248435,-0.007752269504093712,-0.012553603141288042,-0.0028344547596647544
1765410068.80936,-2.814323514387697,-0.5330632026135077,9.59529281894339,-0.007720122982332936,-0.012478838336354593,-0.0028512525747520947
1765410068.813265,-2.8116322119142145,-0.53512222073959,9.591899002260535,-0.007668387023080109,-0.012376204092779876,-0.002898148419372844
1765410068.815262,-2.8093357227126186,-0.5369550682589738,9.588934383966725,-0.007596728512180345,-0.012242739680400284,-0.002972425642584974
1765410068.81831,-2.8074778066299575,-0.5384989898208583,9.58650257973977,-0.0075051174588865455,-0.012076505641314926,-0.0030708107327672256
1765410068.82031,-2.8060793375373017,-0.5396920254846982,9.58468372689367,-0.007393876823919016,-0.011876855584627713,-0.0031895908621698238
1765410068.823263,-2.805138087086884,-0.540474203325213,9.583531335275408,-0.0072637467402868515,-0.011644601249997727,-0.003324695261721809
1765410068.826472,-2.8046300729993114,-0.5407892636888919,9.58307076329359,-0.007115963961309533,-0.011382059170914574,-0.003471741868815181
1765410068.828243,-2.8045123460222223,-0.5405869833017235,9.583299273550553,-0.00695235475270113,-0.011092982816978106,-0.0036260606879642385
1765410068.830246,-2.8047269231075176,-0.5398260345731623,9.584187500791954,-0.006775433225149568,-0.010782396739486336,-0.0037827095665258605
1765410068.833356,-2.805205530499559,-0.5384772782269125,9.585682150919627,-0.006588487804683366,-0.010456356234586366,-0.003936498688169139
1765410068.83524,-2.8058748648506677,-0.5365273453030133,9.587709792810644,-0.006395630319189327,-0.010121656500274192,-0.004082041716764432
1765410068.838294,-2.806662118595054,-0.5339822195142568,9.590181624169483,-0.0062017817584043185,-0.009785512410996476,-0.0042138547415454565
1765410068.840285,-2.8075005013147574,-0.5308703004444133,9.592999040679905,-0.006012578770609195,-0.009455227686328742,-0.004326522342778481
1765410068.843227,-2.8083344148382374,-0.527244250616137,9.596059694199987,-0.0058342003384072635,-0.009137870454768087,-0.004414936011754821
1765410068.845234,-2.809123833937791,-0.5231809832718436,9.599263540936963,-0.005673127359500859,-0.008839969744675087,-0.004474586303374504
1765410068.848232,-2.8098474011321746,-0.5187795079766626,9.602518273732683,-0.005535855369149508,-0.008567244961996597,-0.004501869309166129
1765410068.850238,-2.810503841664695,-0.5141568720382399,9.605743558016778,-0.005428582186801684,-0.008324378461265679,-0.004494361983122019
1765410068.853245,-2.81111148891023,-0.5094428253108861,9.608873595133945,-0.005356889116733081,-0.008114839026067288,-0.004451030106812177
1765410068.855273,-2.811705884453473,-0.5047739068657516,9.611857710965069,-0.005325429929953424,-0.00794076196550776,-0.004372349038163192
1765410068.858306,-2.8123356028730977,-0.5002874692693655,9.61465898513078,-0.005337640606202332,-0.0078028912349604965,-0.004260331802448424
1765410068.86025,-2.813056702899055,-0.49611592285644285,9.617251351847186,-0.005395485263703735,-0.007700589112857928,-0.004118466271794716
1765410068.863241,-2.8139264260303642,-0.49238134345274215,9.619615893321425,-0.0054992557938473826,-0.007631915557433706,-0.003951563713004899
1765410068.865284,-2.8149967977697825,-0.48919056845210773,9.621737063795212,-0.005647441697245162,-0.007593772283681792,-0.0037655210567534986
1765410068.868233,-2.8163086696445063,-0.48663095821808466,9.623599439854742,-0.005836684221681156,-0.0075821009083879565,-0.003567005128858941
1765410068.870228,-2.8178866481529545,-0.4847670390073958,9.625185468056571,-0.006061826854542884,-0.007592122997702806,-0.0033630783292703166
1765410068.873265,-2.8197353461419534,-0.483638209224306,9.626474573391187,-0.006316070331995542,-0.0076186092717114165,-0.003160794863082283
1765410068.875259,-2.8218373679334805,-0.4832576073675584,9.627443814084574,-0.006591231762804738,-0.007656162821986251,-0.0029667987290880986
1765410068.878249,-2.8241533496584874,-0.48361218566137065,9.628070044212592,-0.00687809579161466,-0.007699499170435059,-0.002786950557721934
1765410068.880271,-2.8266242439753193,-0.48466402714533396,9.628333345896412,-0.007166836073651857,-0.007743706384010659,-0.0026260060890270056
1765410068.883216,-2.829175834770879,-0.48635291087490445,9.628221289942989,-0.007447480926604916,-0.007784469475087731,-0.0024873680596817897
1765410068.885217,-2.831725144337786,-0.4886000012216085,9.627733351178623,-0.007710396436989794,-0.007818243580737714,-0.0023729332760894463
1765410068.888275,-2.8341880281391054,-0.4913123465662816,9.62688465120641,-0.007946760420145334,-0.00784236178913632,-0.0022830532391180484
1765410068.890258,-2.8364869989752943,-0.4943877224257851,9.625708252808089,-0.008149000614524969,-0.007855068023742327,-0.0022166179185059234
1765410068.893285,-2.838558268439234,-0.49771932550963416,9.624255476289642,-0.008311171683189716,-0.007855473377191419,-0.0021712592535020506
1765410068.893785,-2.840357136300462,-0.5011999414698014,9.622594070915854,-0.008429248863441374,-0.007843445295485283,-0.0021436553648934427
1765410068.898262,-2.8418611729901797,-0.5047254266923575,9.620804498582123,-0.008501320607046224,-0.007819451451635607,-0.0021299003130349574
1765410068.90026,-2.84307104710467,-0.5081975516802157,9.61897495722527,-0.008527667159214007,-0.007784389271081541,-0.002125892306652067
1765410068.903262,-2.8440091952853583,-0.5115263402804497,9.61719590432567,-0.008510717166276589,-0.0077394319669548215,-0.0021276919299684305
1765410068.903762,-2.844716723837697,-0.5146320037956722,9.615554699550701,-0.008454881478224489,-0.007685911946865515,-0.002131812788648127
1765410068.906254,-2.845249034541797,-0.5174465093291418,9.614130768618908,-0.008366272032540242,-0.007625249074752859,-0.0021354243204085408
1765410068.910314,-2.8456707618123307,-0.5199148025293595,9.612991571626925,-0.00825232161817074,-0.007558920951745437,-0.0021364632916183305
1765410068.913276,-2.846050638324494,-0.5219957043945469,9.612189596303013,-0.008121326235997576,-0.0074884659286097695,-0.0021336631119616006
1765410068.915321,-2.846456787839156,-0.5236624981552137,9.61176051078039,-0.007981937555931368,-0.007415506293092236,-0.002126517225943423
1765410068.916326,-2.8469527377751658,-0.5249032359594503,9.6117225422367,-0.007842639464414656,-0.007341780027422438,-0.0021151944869252965
1765410068.920265,-2.847594266476271,-0.5257208124050513,9.61207709997168,-0.007711246633219633,-0.007269172904721865,-0.0021004232713303455
1765410068.92373,-2.848427049905339,-0.5261328068138559,9.612810512665742,-0.007594461147430642,-0.007199743385292851,-0.0020833603403214644
1765410068.925263,-2.8494849100434383,-0.526170982722192,9.613896488030337,-0.007497516479376259,-0.0071357302267492945,-0.002065459359983204
1765410068.926232,-2.850788379150129,-0.5258802565471133,9.615298743137332,-0.007423929683851488,-0.007079532517754514,-0.002048349338959153
1765410068.930265,-2.852343389224777,-0.5253169970323658,9.616973352105402,-0.007375374518200068,-0.0070336570489739035,-0.0020337254292851097
1765410068.933262,-2.8541401026424595,-0.5245466486760075,9.618870593870536,-0.007351680057699112,-0.007000634781274145,-0.0020232484767054447
1765410068.935356,-2.8561520527554562,-0.5236407803143857,9.62093627148822,-0.0073509502904072445,-0.006982911914092373,-0.0020184494323981024
1765410068.938258,-2.8583358318744754,-0.522673710724014,9.623112607718552,-0.0073697908551786095,-0.006982721494359531,-0.002020639363975652
1765410068.939327,-2.8606316105055436,-0.5217188929814679,9.625338939636164,-0.007403622379950581,-0.007001941302793625,-0.0020308307167669535
1765410068.94229,-2.8629647575680566,-0.5208452708118971,9.627552462755855,-0.007447057250066226,-0.007041944647988311,-0.002049676709996533
1765410068.945305,-2.865248675046118,-0.5201138452947324,9.629689170591861,-0.00749431596003237,-0.00710345327069568,-0.0020774334048698005
1765410068.947289,-2.8673887318856495,-0.5195747054450501,9.631685019868165,-0.007539657510707336,-0.0071864060630538,-0.0021139461300367472
1765410068.95029,-2.869287029243247,-0.5192647723999811,9.633477321577853,-0.007577795232772324,-0.007289861889329407,-0.002158660749009155
1765410068.953249,-2.8708476510944774,-0.519206449141178,9.635006330208576,-0.007604267246729024,-0.0074119552451231314,-0.002210660205076836
1765410068.954215,-2.8719819577535173,-0.5194072414865085,9.636216906266572,-0.007615732210538317,-0.007549918210000312,-0.0022687258654534525
1765410068.956318,-2.872613425432998,-0.519860275388703,9.637060090290726,-0.007610166862567797,-0.007700174986075964,-0.0023314195417679495
1765410068.960293,-2.872681669278069,-0.520545551945918,9.637494576289058,-0.0075869507613810306,-0.007858509477278931,-0.0023971759434712548
1765410068.963203,-2.872145542810493,-0.5214317668286306,9.637488260700735,-0.007546833907730148,-0.0080202986665672,-0.002464390387509154
1765410068.965233,-2.87098533946315,-0.5224785381894277,9.637020017971219,-0.007491794132507361,-0.008180791828760517,-0.002531487287297806
1765410068.968246,-2.869204068996418,-0.5236389048335705,9.636081633365718,-0.007424802879783657,-0.008335403741930612,-0.002596961705603308
1765410068.970247,-2.8668277171614305,-0.5248619526685216,9.63467964555368,-0.007349527999501679,-0.008479988263122198,-0.002659395048666802
1765410068.973242,-2.8639044089834087,-0.5260953895249353,9.63283680340907,-0.007270006768736674,-0.008611067124359268,-0.002717452293448051
1765410068.975245,-2.860502391081149,-0.5272878556481954,9.630592813955815,-0.0071903202719953,-0.008726000046642474,-0.00276986970407432
1765410068.978277,-2.8567067232648515,-0.5283908069910341,9.62800403483659,-0.007114294236254037,-0.008823091269188121,-0.0028154394048423314
1765410068.978777,-2.8526146828620265,-0.5293599490216192,9.625141867120826,-0.007045245711200237,-0.008901633382309903,-0.0028529938587212975
1765410068.981244,-2.8483301732363366,-0.5301563317859629,9.622089841849123,-0.006985791874972454,-0.00896189086569429,-0.0028813928657095756
1765410068.985224,-2.8439576976325447,-0.5307472459109448,9.61893961546686,-0.006937735251302745,-0.009005023798145611,-0.0028995180286461894
1765410068.988231,-2.839596544046068,-0.5311069895095764,9.61578620726379,-0.006902034568552692,-0.009032951641481298,-0.0029062811579266207
1765410068.990247,-2.835335754285039,-0.5312174869581957,9.612722878564917,-0.006878859642496385,-0.009048160855960193,-0.002900651137229805
1765410068.992276,-2.831250313403211,-0.5310686940026778,9.609836115258636,-0.006867714791192165,-0.009053466007283085,-0.002881699246774756
1765410068.996299,-2.8273988317130208,-0.5306587277262281,9.607201210167856,-0.006867605434806021,-0.009051739563151447,-0.002848658737528208
1765410068.998273,-2.8238228213742578,-0.5299937034212902,9.604878924192759,-0.006877221442852342,-0.00904563141746779,-0.002800992615298843
1765410069.000261,-2.820547503869389,-0.529087330082042,9.602913601963117,-0.006895116231403284,-0.009037304726123347,-0.002738464331877082
1765410069.003234,-2.8175838972011484,-0.5279603703147482,9.601332880769476,-0.0069198666855718755,-0.009028216506636245,-0.0026612083527326378
1765410069.00433,-2.8149317379367726,-0.5266400500899555,9.600148806515426,-0.006950203085345762,-0.00901896791805088,-0.0025697991749566973
1765410069.008289,-2.8125826920288604,-0.5251594032004893,9.599359915120292,-0.0069851022421156105,-0.009009241882208915,-0.0024653153624566693
1765410069.010255,-2.810523361701347,-0.5235564333410957,9.598953758065354,-0.0070238426178824255,-0.008997836397356887,-0.002349388948379631
1765410069.013277,-2.80873776014473,-0.5218729673371584,9.598909420961123,-0.007066025779506158,-0.008982790797715209,-0.002224224383669639
1765410069.014311,-2.80720912529883,-0.5201531670579814,9.599199728828328,-0.007111571427778144,-0.008961591022535303,-0.002092570881403395
1765410069.018269,-2.805921106475091,-0.5184417835081989,9.59979297999851,-0.00716069239603069,-0.008931431667343993,-0.0019576388276099045
1765410069.020331,-2.8048584115229005,-0.516782296586257,9.60065414810007,-0.007213853101079015,-0.008889507642020612,-0.0018229608340727156
1765410069.023343,-2.80400694532839,-0.5152150922831783,9.601745539012596,-0.00727171323484781,-0.00883330531531211,-0.0016922061129662205
1765410069.025251,-2.8033533985122214,-0.5137758298732438,9.60302691969658,-0.007335059965803604,-0.0087608631901966,-0.0015689611927580773
1765410069.0317,-2.8028842490493022,-0.5124941507743856,9.60445515855156,-0.0074047347756074485,-0.008670977439098518,-0.0014564916583343294
1765410069.0322,-2.8025842298278234,-0.5113928658347597,9.605983462986144,-0.007481561532228514,-0.008563336545033369,-0.001357501210233669
1765410069.033285,-2.802434467136313,-0.5104877378112076,9.607560439011012,-0.0075662794074041265,-0.008438578308531897,-0.0012739082488029978
1765410069.035267,-2.802410680576326,-0.5097879215105654,9.609129405683229,-0.007659480242696988,-0.008298269449891085,-0.0012066661798259771
1765410069.038239,-2.8024819879637692,-0.5092969634706987,9.610628511574973,-0.007761547398456462,-0.008144812247162196,-0.0011556572644193476
1765410069.04025,-2.802610881971683,-0.5090140458902371,9.611992109198608,-0.007872592604273684,-0.007981285537228865,-0.001119684617920262
1765410069.043268,-2.8027547841894744,-0.508935100309633,9.613153601280644,-0.007992388817763013,-0.007811232951915287,-0.0010965710390874986
1765410069.045244,-2.802869267422522,-0.5090536253637495,9.614049670206928,-0.008120300177717553,-0.00763842054369424,-0.0010833538084646034
1765410069.048214,-2.8029126563574924,-0.5093613199609667,9.614625476818984,-0.008255213615443964,-0.007466593148722954,-0.001076551669819171
1765410069.049282,-2.8028513846161327,-0.5098486951473795,9.61484015520675,-0.00839547961622779,-0.007299257480503922,-0.0010724761954214782
1765410069.053231,-2.8026653071097,-0.5105056325812389,9.614671861629814,-0.008538872358546858,-0.0071395107062872205,-0.0010675577116408205
1765410069.055241,-2.8023521563461085,-0.5113216849122643,9.614121717662098,-0.008682582472432069,-0.006989922149190269,-0.001058651114546348
1765410069.058229,-2.801930416139108,-0.5122859826666132,9.613216049656751,-0.008823257373907224,-0.006852468125512093,-0.0010432840829904045
1765410069.060282,-2.8014400408178153,-0.5133868292411362,9.612006380860203,-0.008957101063529508,-0.006728517710296158,-0.0010198174858472135
1765410069.063346,-2.8009407354265274,-0.5146111667599149,9.610566877371756,-0.009080035331424843,-0.006618867953437566,-0.000987506223670139
1765410069.065245,-2.8005079186203896,-0.5159439981341136,9.608989405521921,-0.009187910169765274,-0.006523825310019363,-0.0009464701792878769
1765410069.068253,-2.800226860991718,-0.5173677404200037,9.607376789583322,-0.00927673930835935,-0.006443323533674483,-0.000897598640441974
1765410069.070314,-2.800185700480877,-0.5188615372754489,9.605835080231218,-0.009342932191763057,-0.006377060786189208,-0.0008424133272025994
1765410069.073311,-2.800468082413324,-0.5204006996886975,9.604465663411466,-0.009383496978771534,-0.006324634563816803,-0.0007829100610530303
1765410069.075324,-2.8011461006558536,-0.5219564768681927,9.603357926261015,-0.009396198307590448,-0.006285653176501256,-0.0007213943445651898
1765410069.078291,-2.8022740852585564,-0.5234962463289452,9.602583034505042,-0.009379665679973503,-0.0062598073912741165,-0.0006603232957154999
1765410069.080277,-2.8038836777936575,-0.5249841057744647,9.602189270837135,-0.009333458699908866,-0.006246895862390223,-0.0006021625813693538
1765410069.083345,-2.8059805907143884,-0.5263818590432845,9.602199345414965,-0.009258099693064202,-0.006246809631856494,-0.0005492609793592638
1765410069.085269,-2.8085433721354134,-0.5276504492046198,9.602609981838098,-0.009155082152397546,-0.006259488520792038,-0.0005037397098483855
1765410069.088237,-2.811524311210693,-0.5287518816011976,9.603393817427683,-0.00902685795411113,-0.006284863546650011,-0.0004673922959284554
1765410069.090219,-2.8148523740749205,-0.5296515641248629,9.604503327770436,-0.008876799852177708,-0.006322796396639244,-0.0004415940439760532
1765410069.093315,-2.818437846490049,-0.5303208279858856,9.605876229465066,-0.008709130211852588,-0.006373021706226537,-0.00042722520070909793
1765410069.09525,-2.8221781854606025,-0.5307392712251074,9.607441674799965,-0.008528805210571816,-0.006435093610392277,-0.00042461470399206204
1765410069.098264,-2.8259644342514054,-0.5308965684533118,9.609126504459843,-0.008341348125856558,-0.00650833881588011,-0.0004335114416590539
1765410069.100272,-2.8296874767044047,-0.5307935105727059,9.610860832501158,-0.008152634161018378,-0.006591823835744042,-0.00045308899430259657
1765410069.10329,-2.833243459469739,-0.5304421761917882,9.612582300475088,-0.007968637937958042,-0.006684347308711502,-0.00048198877596371297
1765410069.105269,-2.8365379305930913,-0.5298652160204594,9.614238553413182,-0.007795160310107851,-0.006784464352982243,-0.0005184037011186802
1765410069.108269,-2.8394886150765193,-0.5290942985454582,9.615787937668872,-0.007637553414767182,-0.006890541435082419,-0.0005601991637735253
1765410069.110316,-2.842027135650596,-0.5281678863710823,9.617198909599434,-0.0075004623442816755,-0.007000832854512197,-0.0006050620300218149
1765410069.113307,-2.8441001626754185,-0.5271286441317534,9.618448832604194,-0.007387598973433956,-0.007113564977401877,-0.000650663622404746
1765410069.113807,-2.8456703525538622,-0.5260208231584328,9.61952268512101,-0.007301560376848037,-0.007227011200408112,-0.0006948199445166559
1765410069.118334,-2.846717170361804,-0.5248879072793828,9.620411996214386,-0.0072437029670461995,-0.007339541148913246,-0.0007356320104257366
1765410069.120358,-2.847237486653884,-0.5237707068509613,9.621114214468376,-0.0072140828733786464,-0.007449633180764113,-0.0007715915688567828
1765410069.123351,-2.8472457338438115,-0.522706014017148,9.621632560494605,-0.007211470323766291,-0.007555848199629097,-0.0008016422992080453
1765410069.125334,-2.846773384050108,-0.5217258754962215,9.621976183262005,-0.007233440666254968,-0.00765677345129178,-0.0008251931093467056
1765410069.131894,-2.8458675769971955,-0.5208574576718135,9.622160318476364,-0.00727653917784265,-0.007750955807085195,-0.0008420884010960483
1765410069.132394,-2.8445888458374333,-0.520123361199998,9.622206181173127,-0.007336511240304246,-0.007836850186946477,-0.0008525479753629965
1765410069.132377,-2.843007984078958,-0.5195421364702524,9.62214037325154,-0.007408582782395144,-0.007912805430529813,-0.0008570920515924556
1765410069.135309,-2.8412021803991534,-0.5191287167769367,9.621993623712685,-0.007487769225222779,-0.007977098821949307,-0.0008564630753542746
1765410069.138301,-2.83925067524204,-0.5188945393373928,9.621798801243562,-0.00756918713248566,-0.008028018236824717,-0.0008515498050929776
1765410069.140252,-2.837230306886971,-0.5188472433623472,9.62158831939792,-0.007648342282978834,-0.008063981891264466,-0.0008433155249954926
1765410069.141321,-2.835211313871973,-0.5189899856826795,9.621391186534998,-0.0077213704735737704,-0.00808367973588952,-0.000832731967151719
1765410069.14533,-2.8332536717529964,-0.5193205546659083,9.621230026184048,-0.007785213032656354,-0.008086216273401446,-0.0008207218865636431
1765410069.14837,-2.8314041723749868,-0.5198305452512397,9.62111843672707,-0.007837717812303574,-0.008071232736797778,-0.0008081145278381817
1765410069.150336,-2.8296944462715445,-0.5205048585441544,9.621059060993728,-0.007877667041386585,-0.00803898964786428,-0.0007956180732682903
1765410069.151311,-2.8281401515664357,-0.5213217238251885,9.621042705630241,-0.007904743175470427,-0.007990399574750204,-0.0007838107677335569
1765410069.155353,-2.8267415302716157,-0.5222533456726809,9.621048768695454,-0.007919449648941656,-0.007927011218553891,-0.0007731484869754709
1765410069.158341,-2.8254853759849436,-0.5232671814912219,9.621047013440977,-0.00792300296430336,-0.00785095491456253,-0.0007639828558994702
1765410069.160298,-2.8243481825608456,-0.524327759814937,9.621000403262146,-0.00791720631056782,-0.007764863879235273,-0.0007565821162567422
1765410069.163359,-2.823300019346032,-0.5253988574513025,9.620868517761021,-0.007904307470300286,-0.007671785578059688,-0.0007511473334719656
1765410069.165328,-2.822308642576519,-0.5264457841763747,9.620611130785354,-0.00788684119602889,-0.007575093807072726,-0.0007478189342561632
1765410069.168296,-2.8213434674610234,-0.5274375084729526,9.620191707527487,-0.00786746023056222,-0.0074784041749635785,-0.0007466721200196663
1765410069.170286,-2.8203791693667273,-0.5283483970445888,9.619580682222303,-0.007848765774879023,-0.007385485378022135,-0.000747703373961732
1765410069.17332,-2.8193987648003156,-0.5291593930599008,9.618758370162027,-0.007833152573361361,-0.007300150721624487,-0.0007508129563973325
1765410069.175364,-2.818396009780493,-0.5298584976045736,9.61771730868057,-0.007822683676207578,-0.0072261140519553416,-0.0007557888776433247
1765410069.178253,-2.817376900380536,-0.5304404807857013,9.616463798263897,-0.007819005455093455,-0.00716680391578877,-0.0007622962973087606
1765410069.178753,-2.816360090622603,-0.5309058727624796,9.615018486914474,-0.007823306012951123,-0.007125145919845084,-0.0007698743289806945
1765410069.181234,-2.8153762011534407,-0.5312594354843362,9.613415977721456,-0.007836312479727136,-0.007103337355579692,-0.0007779419250726803
1765410069.185283,-2.8144661706093363,-0.5315084084593036,9.611703553700666,-0.00785831794025797,-0.007102642858858931,-0.0007858157033791518
1765410069.186275,-2.8136788693069885,-0.5316608119302998,9.609939169207484,-0.007889227857707185,-0.00712323593942201,-0.0007927423297289419
1765410069.190347,-2.813068151559843,-0.531724012022367,9.608188882704194,-0.007928616873335745,-0.0071641053492485975,-0.000797944214467223
1765410069.193367,-2.812689484536538,-0.5317036730403818,9.606523924093064,-0.007975787840992196,-0.007223041067979558,-0.0008006718316739505
1765410069.195351,-2.812596341350536,-0.5316031677563202,9.605017585126399,-0.008029826315082221,-0.007296709434232795,-0.0008002533567565799
1765410069.198275,-2.812836629495148,-0.5314234489000265,9.603742067993652,-0.008089646433924468,-0.0073808175787171875,-0.000796134440504223
1765410069.200302,-2.813449428249856,-0.5311632812227806,9.60276534825905,-0.008154027182708943,-0.007470355652155756,-0.0007879056540014512
1765410069.203317,-2.8144622198079787,-0.5308196507845152,9.602148086924045,-0.008221639406591274,-0.007559895747572376,-0.0007753194198716558
1765410069.203817,-2.8158887111237116,-0.5303881770646058,9.60194069428213,-0.008291063899435973,-0.007643920975533109,-0.0007583009532022601
1765410069.208332,-2.817727299671199,-0.5298634415886084,9.602180708865351,-0.008360801755405316,-0.007717156528642874,-0.0007369589019251358
1765410069.210264,-2.8199602048542287,-0.529239240505052,9.602890626205387,-0.008429281131043069,-0.007774876533973044,-0.000711600592264733
1765410069.213333,-2.8225532702389433,-0.5285088197059855,9.604076259305296,-0.008494868264444762,-0.007813165482960266,-0.0006827536552677049
1765410069.215276,-2.8254564680409464,-0.5276651654957587,9.605725712420341,-0.008555892288618193,-0.007829118737026167,-0.0006511911675582819
1765410069.218338,-2.828605174419087,-0.5267014239482944,9.60780906362961,-0.008610690415119597,-0.007820971583050987,-0.0006179529783468552
1765410069.220295,-2.8319222808338056,-0.5256115059657251,9.610278842206782,-0.008657672415877778,-0.0077881524384873025,-0.000584353013748037
1765410069.223338,-2.835321157515242,-0.5243908867257816,9.613071375301706,-0.008695395432545543,-0.007731263838820622,-0.0005519620975377324
1765410069.225345,-2.8387093897168,-0.5230375438116852,9.616109031188513,-0.008722637372909785,-0.007652000290212617,-0.0005225591447505257
1765410069.22834,-2.84199307386748,-0.5215529449703544,9.61930325813256,-0.00873845987014859,-0.007553011234507995,-0.000498049860022751
1765410069.230541,-2.84508136955701,-0.5199430126724707,9.62255820487189,-0.00874225573806474,-0.00743771419118057,-0.0004803580590048807
1765410069.231404,-2.8478910241783875,-0.5182190251294642,9.625774731547953,-0.00873377835172264,-0.007310064349234742,-0.00047129750291435634
1765410069.233296,-2.850350642647946,-0.5163984266907975,9.628854703678233,-0.008713152715600898,-0.007174293501760735,-0.0004724328807784183
1765410069.236359,-2.852404442878126,-0.5145055125738517,9.631705442000248,-0.00868087165058995,-0.007034638770472929,-0.0004849406881223061
1765410069.240246,-2.854015146239594,-0.5125719274752717,9.634244072374715,-0.008637783743967797,-0.006895085559817055,-0.0005094844022020859
1765410069.243381,-2.8551656250680613,-0.5106368708136987,9.636401404152446,-0.008585079089020951,-0.006759148166227259,-0.0005461196863010028
1765410069.246606,-2.8558590131490553,-0.5087468624236334,9.638124936207555,-0.00852427394778378,-0.006629707273066296,-0.0005942415248115864
1765410069.24834,-2.8561171500394984,-0.5069549515283134,9.6393806606712,-0.008457189825267681,-0.006508918757079284,-0.0006525781051405123
1765410069.25032,-2.855977446643196,-0.5053193499478653,9.640153498993143,-0.00838591970475733,-0.006398202013638164,-0.0007192302338789304
1765410069.253388,-2.855488484987694,-0.5039015477749257,9.640446410524268,-0.008312775133665204,-0.006298305051982546,-0.0007917521297459935
1765410069.25531,-2.8547048432797886,-0.5027639593385791,9.640278398809922,-0.008240211172215961,-0.006209428984197662,-0.0008672684838562381
1765410069.257395,-2.8536817513604005,-0.5019671015062902,9.639681787949717,-0.008170729977292726,-0.006131384042091042,-0.0009426221348857883
1765410069.260346,-2.8524702274393743,-0.5015663226460167,9.638699201720542,-0.008106766168849913,-0.006063749564869739,-0.001014545709648935
1765410069.263335,-2.8511132824012866,-0.501608196585706,9.637380565432466,-0.008050558053970437,-0.006006019496519347,-0.0010798483456493362
1765410069.265293,-2.849643601511353,-0.5021268125452718,9.635780233798048,-0.008004010485103989,-0.005957725211522605,-0.0011356051618838844
1765410069.268274,-2.848082912483881,-0.5031402843050715,9.63395425918861,-0.0079685593115855,-0.0059185332633433195,-0.0011793345067095723
1765410069.270362,-2.8464430568233965,-0.5046478632039648,9.631957912941758,-0.007945052482499807,-0.005888315943594812,-0.0012091484808328967
1765410069.273281,-2.844728521266534,-0.5066280499797216,9.629843637720098,-0.007933665379512322,-0.005867190238257919,-0.0012238655948222756
1765410069.275338,-2.8429398762370823,-0.5090380207891515,9.627659513949506,-0.007933866026954055,-0.0058555198448698486,-0.0012230786798286713
1765410069.278265,-2.8410773982498894,-0.5118145143224833,9.625448220813391,-0.007944440246640955,-0.0058538764130198085,-0.0012071751650998882
1765410069.281284,-2.839144243427515,-0.5148761341682981,9.623246486924106,-0.007963579393130818,-0.0058629584475968785,-0.0011773102423689845
1765410069.283326,-2.837148801984516,-0.5181268765379575,9.621085080051246,-0.007989025772806439,-0.005883469147596651,-0.001135335573337531
1765410069.283826,-2.8351061482588955,-0.5214606159693895,9.618989399882837,-0.008018264667467096,-0.005915959087643,-0.001083687179024178
1765410069.28827,-2.8330386994750087,-0.5247662368067372,9.6169807064614,-0.008048746928379385,-0.005960645727821272,-0.0010252380070491457
1765410069.28877,-2.830976236881863,-0.5279330653186945,9.615077905627905,-0.008078120748949032,-0.006017228233632802,-0.0009631249842754031
1765410069.293316,-2.828955367754806,-0.5308562535030136,9.613299642614189,-0.008104445732145535,-0.0060847233846655115,-0.0009005655408499234
1765410069.295301,-2.827018485151469,-0.5334417928270864,9.61166636925698,-0.008126360890657207,-0.006161354880092179,-0.0008406809173327959
1765410069.298273,-2.8252123775719356,-0.5356108625461273,9.610202094186828,-0.008143184812443912,-0.0062445275667885125,-0.0007863406603994917
1765410069.300301,-2.823586691215171,-0.5373032404695088,9.608935551501109,-0.00815493947153941,-0.006330904833751599,-0.0007400358816041519
1765410069.301326,-2.822192326606199,-0.5384795705347962,9.607900468210826,-0.008162302843251163,-0.0064165860530874625,-0.0007037820521194238
1765410069.305283,-2.8210796671105376,-0.5391224103654377,9.607134614574639,-0.0081665044706106,-0.006497362061721958,-0.0006790484070269312
1765410069.308282,-2.820296444991631,-0.5392361218439025,9.606677478739357,-0.008169181764398285,-0.006569016629529613,-0.0006667106632706861
1765410069.310328,-2.819885076419217,-0.5388457599598283,9.606566659667772,-0.008172214694412925,-0.006627640107703203,-0.0006670253841565345
1765410069.313312,-2.8198794286929862,-0.537995155352075,9.606833361754468,-0.008177553942742848,-0.006669924745551983,-0.0006796267732401868
1765410069.316257,-2.820301210288486,-0.5367443936119911,9.607497633267846,-0.00818705410921148,-0.006693415938171839,-0.0007035490796314196
1765410069.318287,-2.821156383710914,-0.5351668650172448,9.60856406335657,-0.00820232118288836,-0.0066966977352811595,-0.0007372788456699687
1765410069.320292,-2.822432057870857,-0.5333459875341324,9.61001848459039,-0.00822458268060767,-0.006679495791293045,-0.0007788391360556199
1765410069.323291,-2.8240942564568483,-0.5313716353157681,9.611825999866769,-0.008254587903189631,-0.006642689047344709,-0.000825902212816233
1765410069.325305,-2.8260869176338645,-0.5293362953351299,9.613930530729776,-0.008292542916253599,-0.006588231305183785,-0.0008759204218161676
1765410069.327741,-2.8283324717781353,-0.5273310339106831,9.616256012088504,-0.008338080593976109,-0.006518992051244326,-0.0009262610968929879
1765410069.331756,-2.830734251267407,-0.5254414312460735,9.618709214189646,-0.008390262862084052,-0.006438532413289889,-0.0009743317596068447
1765410069.332256,-2.83318074450354,-0.5237436953784124,9.621183972237475,-0.008447611899080264,-0.006350838759706638,-0.0010176857829907978
1765410069.335329,-2.835551395645931,-0.5223011986486118,9.62356645788287,-0.008508168711393734,-0.0062600417819153875,-0.0010541040516060358
1765410069.336298,-2.8377234162723637,-0.5211616860872823,9.625741089713728,-0.008569579087323677,-0.0061701494015438995,-0.001081653388361532
1765410069.340336,-2.8395789881768967,-0.5203553545036399,9.627596696101705,-0.008629206664847833,-0.006084816258073719,-0.0010987262205730092
1765410069.343368,-2.8410122574991634,-0.519893885518146,9.629032532836902,-0.008684269938576523,-0.006007163035944928,-0.0011040672197524708
1765410069.345316,-2.841935579491837,-0.5197703898104511,9.629963733883656,-0.008731995622496559,-0.0059396495650036385,-0.0010967922737159298
1765410069.348375,-2.8422845515329405,-0.5199601631997791,9.63032581471997,-0.008769777412302402,-0.005884000036203136,-0.0010764045959210115
1765410069.350374,-2.84202148046465,-0.5204221974579513,9.630077959819063,-0.008795328194193432,-0.005841177255875674,-0.0010428114191402798
1765410069.35335,-2.841137076419633,-0.5211014724542488,9.629204955561308,-0.008806814384846878,-0.005811402977886349,-0.0009963409812394823
1765410069.355365,-2.839650364015066,-0.5219320812354653,9.627717774179173,-0.008802962627670035,-0.005794220044888889,-0.0009377548448308877
1765410069.35838,-2.8376070338678563,-0.5228411559919554,9.625652956228869,-0.00878313184599323,-0.0057885882440328095,-0.0008682485632982384
1765410069.360362,-2.8350766163675063,-0.5237534099531471,9.623070970567515,-0.008747347237285664,-0.005793001507964049,-0.0007894348419547635
1765410069.363365,-2.832148849551514,-0.5245959610656202,9.620053621311323,-0.008696295378813331,-0.005805614214666984,-0.0007033047522443322
1765410069.365375,-2.8289294775110077,-0.5253030075694071,9.616700476532667,-0.00863128057660771,-0.005824370924318765,-0.0006121630590419612
1765410069.366317,-2.8255355744042987,-0.5258199162897097,9.613124333821215,-0.008554143896453644,-0.005847141144635092,-0.0005185357172224558
1765410069.370276,-2.8220904150047486,-0.5261063797955717,9.609445845483988,-0.008467150388586137,-0.005871861132268777,-0.0004250527431486837
1765410069.373277,-2.8187179590768494,-0.5261384691175397,9.6057875430017,-0.008372856623052628,-0.005896679128553886,-0.0003343155654239613
1765410069.375336,-2.815537219286873,-0.5259095776174803,9.602267678608543,-0.008273976000863803,-0.005920095007637526,-0.00024876107090288416
1765410069.378319,-2.8126570132214486,-0.5254303471914711,9.598994469398777,-0.008173259026207701,-0.005941081699152284,-0.0001705347793969303
1765410069.378819,-2.8101716053659787,-0.5247276784729361,9.596061268436891,-0.008073399385219181,-0.005959172203926614,-0.00010138523048666256
1765410069.383318,-2.808157482126312,-0.5238429053660508,9.593542914965875,-0.007976968237996067,-0.005974495354901027,-4.259097168980895e-05
1765410069.385348,-2.8066712420760136,-0.5228292163624076,9.591493334682971,-0.007886372620412769,-0.005987750308947509,5.071630251244167e-06
1765410069.388306,-2.8057485193570297,-0.5217484313236217,9.589944475319083,-0.007803830285454485,-0.0060001217426331925,4.1317816308965794e-05
1765410069.390283,-2.8054038779618624,-0.5206672738515435,9.588906647365725,-0.00773135216273539,-0.006013147361143343,6.630644780396925e-05
1765410069.392388,-2.805631601434637,-0.5196533278505124,9.588370213405073,-0.0076707246572311335,-0.006028553258259044,8.056566631714e-05
1765410069.395351,-2.8064073361606945,-0.5187709361514572,9.588308514230397,-0.00762348611459836,-0.00604807332579272,8.490613945884832e-05
1765410069.39826,-2.8076906167412545,-0.5180773421172583,9.588681914669117,-0.007590892628331971,-0.006073269257333634,8.033572285119127e-05
1765410069.39876,-2.8094281938418786,-0.5176193526792535,9.589442632524738,-0.007573868220164406,-0.0061053690610517524,6.798675201801463e-05
1765410069.403293,-2.8115577789269897,-0.5174307445406009,9.590539640664362,-0.007572937549195948,-0.0061451436580103064,4.906296965614611e-05
1765410069.405366,-2.814011638299982,-0.5175305919660724,9.591922831559032,-0.007588147731076502,-0.006192838485838346,2.4808028127348212e-05
1765410069.408375,-2.8167195860804988,-0.5179226468618334,9.593545916839856,-0.00761899441843428,-0.00624816534563227,-3.5079924581062447e-06
1765410069.410423,-2.81961111161063,-0.5185958048635603,9.595367832446952,-0.007664369427084102,-0.006310342777614752,-3.459233028434631e-05
1765410069.413373,-2.822616438713272,-0.5195255633147945,9.597352531648141,-0.007722543070278478,-0.006378162749827329,-6.713388253674148e-05
1765410069.415324,-2.825666408102571,-0.5206762762914027,9.599467196291142,-0.007791189054836523,-0.006450064814000225,-9.981757109885406e-05
1765410069.418316,-2.828691350752099,-0.5220039492378273,9.6016792124522,-0.007867456064012825,-0.00652421112370695,-0.00013135611536521793
1765410069.420293,-2.8316194297936024,-0.5234592731529855,9.603952539897147,-0.007948087142748589,-0.0065985662345512215,-0.00016054416395375892
1765410069.423328,-2.8343750899370375,-0.524990596124334,9.606244212183828,-0.008029584436910793,-0.006670989152161075,-0.00018633536417300258
1765410069.424338,-2.836878281224694,-0.5265465902588682,9.60850170269968,-0.008108411956621897,-0.00673934217782819,-0.00020793621207699747
1765410069.42834,-2.839045030888935,-0.5280784527934275,9.61066176565926,-0.008181222170711315,-0.006801613453813164,-0.0002249040911993617
1765410069.430324,-2.8407896511440507,-0.5295415342805366,9.61265102848812,-0.008245084472441887,-0.006856041872728709,-0.00023723336251494365
1765410069.431333,-2.8420284753170764,-0.5308963423756041,9.614388237213168,-0.008297688745729087,-0.006901230530487243,-0.0002454127320180386
1765410069.435387,-2.8426847380607354,-0.5321089697578495,9.615787899919484,-0.008337499406367901,-0.006936238975756914,-0.0002504386044833334
1765410069.436411,-2.842694112730665,-0.5331511036171154,9.616765090107508,-0.008363844765740838,-0.006960648680057782,-0.0002537731342808556
1765410069.441798,-2.842010357457574,-0.5339998241980343,9.617241133124905,-0.008376938914719058,-0.006974596543903223,-0.0002572428756373682
1765410069.442298,-2.840610457725789,-0.534637383100619,9.617149762016764,-0.008377841884674808,-0.006978770987123601,-0.00026288352678534315
1765410069.443346,-2.8384986640197263,-0.5350511018956198,9.616443191403999,-0.00836836492435409,-0.006974367007633938,-0.00027274598013043283
1765410069.448313,-2.8357089341986126,-0.5352334647277817,9.61509746368626,-0.008350924253263833,-0.006962999662059659,-0.00028868591976606697
1765410069.450286,-2.832305483284721,-0.5351824051575973,9.613116431027954,-0.008328345829633809,-0.006946580146999482,-0.00031216138626075774
1765410069.453308,-2.8283814243347583,-0.5349017311805468,9.61053394680941,-0.008303629924016042,-0.006927166126760811,-0.0003440601029463951
1765410069.455402,-2.824055795714524,-0.5344016047655963,9.607414197132176,-0.008279694760824744,-0.0069068045230465626,-0.0003845733579537335
1765410069.458346,-2.8194694623706233,-0.5336989803307646,9.603850396966646,-0.008259126362261074,-0.006887385397821948,-0.00043312853073767274
1765410069.460358,-2.814780364192854,-0.5328178905131399,9.59996217421382,-0.008243962873528405,-0.0068705202123378545,-0.0004883886617583912
1765410069.463431,-2.8101584029763877,-0.5317894339589647,9.59589187005681,-0.008235536839131405,-0.006857451522086277,-0.0005483233806087528
1765410069.465311,-2.805779997594041,-0.5306512851961995,9.591799752434284,-0.008234390861241342,-0.0068489978303612475,-0.0006103491333280587
1765410069.468307,-2.801822135510558,-0.5294465733754508,9.587857954484928,-0.008240272713172481,-0.006845537459709858,-0.0006715277448316261
1765410069.470342,-2.7984557753133226,-0.5282221076851507,9.584243054506715,-0.008252206812815707,-0.006847035845751793,-0.0007288036083461133
1765410069.47333,-2.795838685453056,-0.5270261024752612,9.581127555857679,-0.008268631640452741,-0.006853116480823766,-0.0007792555609737743
1765410069.475344,-2.7941079977007037,-0.5259056611948744,9.57867076156101,-0.008287587344059728,-0.0068631662904795575,-0.0008203414043678713
1765410069.478268,-2.7933727991843704,-0.5249042782424924,9.577009552400035,-0.008306932787741604,-0.0068764586884208405,-0.0008501175041298533
1765410069.478768,-2.7937071458549783,-0.5240595652724667,9.576249606566067,-0.008324566319788503,-0.006892278316819504,-0.0008674187090301174
1765410069.483322,-2.795144036897215,-0.5234013482868978,9.576457732333196,-0.008338622051804651,-0.006910037351695091,-0.0008719849640187581
1765410069.485315,-2.7976709549977303,-0.5229502150503532,9.577655987521062,-0.008347616548429273,-0.006929376561195334,-0.0008645224755524266
1765410069.488294,-2.8012274420804513,-0.5227165321136208,9.579818057427973,-0.008350530306668474,-0.006950243406351687,-0.0008466897230670905
1765410069.490357,-2.8057050470565637,-0.5226999317917025,9.582868236535852,-0.008346821566666973,-0.006972938140536019,-0.0008210023185621376
1765410069.493278,-2.810949995322121,-0.5228892919830864,9.586683425082581,-0.008336382325367236,-0.006998118793189688,-0.0007906567852365262
1765410069.495317,-2.8167688753460918,-0.5232632577101999,9.591098500586723,-0.008319454883748804,-0.007026756838635908,-0.0007592819417184053
1765410069.498352,-2.822937285925706,-0.5237913577254634,9.595915020858364,-0.008296531505366423,-0.0070600397301699355,-0.0007306362512200012
1765410069.500333,-2.8292108723724025,-0.5244357406926952,9.600912661631527,-0.008268260238950055,-0.007099226554624408,-0.0007082780974032404
1765410069.503354,-2.83533780499449,-0.5251534711735509,9.60586239879378,-0.008235376333766538,-0.00714547419801044,-0.0006952417853555321
1765410069.505325,-2.841071637637071,-0.5258991967695372,9.610540284710002,-0.008198670894152075,-0.007199656265797848,-0.0006937543384980085
1765410069.506378,-2.846183575165105,-0.5266279005114771,9.614740694579352,-0.008158998255534743,-0.007262195622096714,-0.0007050264049150929
1765410069.510491,-2.850473402546214,-0.5272974515885752,9.618288093077664,-0.008117313965090887,-0.007332928996864829,-0.0007291435928767017
1765410069.513369,-2.853778564547255,-0.5278707409795668,9.621046568394208,-0.008074728160344182,-0.007411019245413455,-0.0007650710403425551
1765410069.515374,-2.85598101130914,-0.5283172778589004,9.622926494721575,-0.008032555211429732,-0.007494925047803121,-0.0008107654541030376
1765410069.518353,-2.857011499060951,-0.5286142081551017,9.623887847350044,-0.007992340777274409,-0.007582430408336257,-0.0008633712677230794
1765410069.52036,-2.856851211086059,-0.5287467965539869,9.623940060073052,-0.007955852598876332,-0.007670729600020777,-0.0009194686949881947
1765410069.523376,-2.855530806162332,-0.5287084595996667,9.623138726311355,-0.007925028811533414,-0.007756556531279097,-0.0009753441185133524
1765410069.525352,-2.8531271388817125,-0.5285004323716784,9.621579662395124,-0.007901883139346479,-0.007836341646340695,-0.0010272621751011078
1765410069.52638,-2.8497579149072316,-0.5281311262998692,9.619390909323347,-0.007888369778290341,-0.007906378869225841,-0.0010717258398758916
1765410069.530515,-2.8455745808868875,-0.5276152257098188,9.61672330165978,-0.007886215536425508,-0.007962991305979423,-0.0011057123506206374
1765410069.533368,-2.8407538678315594,-0.5269725695425689,9.613740296408796,-0.00789673409890293,-0.008002692564781406,-0.0011268716334181088
1765410069.535356,-2.8354885695363565,-0.5262268620885854,9.610607819298288,-0.007920644119294542,-0.008022345270399174,-0.001133673754156175
1765410069.538375,-2.8299782785022214,-0.5254042664188165,9.607484958449474,-0.007957916073263977,-0.008019318338074781,-0.0011254942535458415
1765410069.540397,-2.8244208202982786,-0.524531962673951,9.604516285490558,-0.008007672111682188,-0.007991641197871293,-0.0011026310101955419
1765410069.545902,-2.8190049500946532,-0.5236367790400959,9.601826276508689,-0.00806815942442106,-0.007938149282164395,-0.0010662528980102846
1765410069.546402,-2.8139045777311797,-0.5227440009115216,9.59951588131113,-0.00813681052795685,-0.007858613233279979,-0.0010182872680332365
1765410069.548393,-2.809274510734961,-0.5218764280662441,9.597660992851734,-0.008210392373646123,-0.0077538427280176665,-0.0009612584544882695
1765410069.550372,-2.805247497571,-0.5210536975002832,9.596312423240597,-0.008285231662016857,-0.007625750777916138,-0.0008980929433265044
1765410069.553386,-2.8019322479912825,-0.5202918541372594,9.59549695067931,-0.00835749096896826,-0.0074773577187616895,-0.0008319091770182495
1765410069.555345,-2.799412188600163,-0.5196031586747588,9.595219137451698,-0.008423463545310695,-0.007312713053194444,-0.0007658108036288018
1765410069.558302,-2.7977449222236412,-0.5189961478645722,9.595463864604518,-0.008479854558296323,-0.007136721620321132,-0.0007027006574019121
1765410069.559274,-2.796962438042849,-0.5184759476073694,9.59619956828691,-0.00852402122561318,-0.006954875508579557,-0.0006451290263480465
1765410069.561375,-2.7970719590051414,-0.51804477150398,9.597381911214423,-0.00855415189579715,-0.006772910505328527,-0.0005951847153546822
1765410069.565284,-2.7980571552366302,-0.5177024788862932,9.59895742683274,-0.008569372944102401,-0.006596422045605302,-0.0005544320969144049
1765410069.568361,-2.799879504060789,-0.5174470688995984,9.600866758413053,-0.008569780114062682,-0.006430485170216039,-0.0005238928161831164
1765410069.570329,-2.802479718845467,-0.5172750406856492,9.603047276905379,-0.008556396141421986,-0.006279321432526223,-0.0005040674109225241
1765410069.57138,-2.8057792507118675,-0.517181621019492,9.605434940555378,-0.008531060019010887,-0.00614604572267054,-0.0004949891200214252
1765410069.575403,-2.809681951850041,-0.5171609225841274,9.60796540033808,-0.00849625707266282,-0.006032515052572667,-0.0004962990773987994
1765410069.578336,-2.8140760954740083,-0.517206119503177,9.610574580487626,-0.008454903778755806,-0.005939291853621059,-0.0005073297523702152
1765410069.580357,-2.818836928346071,-0.5173097021124288,9.613199036768137,-0.008410106161650062,-0.005865723058111073,-0.0005271836040728913
1765410069.582312,-2.8238297900973452,-0.5174638307821414,9.615776292908869,-0.008364914331967338,-0.005810123360299498,-0.0005547973650589198
1765410069.585308,-2.8289137826678235,-0.5176607807824769,9.61824533071962,-0.008322096319307037,-0.005770040895402313,-0.0005889882696677131
1765410069.58829,-2.833946051525293,-0.517893451179249,9.620547484692827,-0.008283950273097291,-0.0057425766853601515,-0.0006284849694188497
1765410069.590354,-2.83878674286564,-0.5181558891925995,9.622627930942906,-0.008252166808882662,-0.005724723293005208,-0.0006719508371194131
1765410069.593326,-2.8433045536903054,-0.5184437718339943,9.624437743641545,-0.008227746738615272,-0.005713685349830458,-0.0007180088833051681
1765410069.595361,-2.8473826140492853,-0.5187547934739691,9.625936307694662,-0.00821097582546658,-0.005707148743580936,-0.0007652743854607959
1765410069.598296,-2.850924266167459,-0.5190889072551995,9.627093751069976,-0.00820145601467422,-0.005703474417984883,-0.000812394896028753
1765410069.599403,-2.8538581181136236,-0.5194483618290175,9.627892959756217,-0.00819818953749435,-0.005701802620059496,-0.0008580913822091177
1765410069.603351,-2.8561416975666005,-0.5198375027732526,9.62833080073086,-0.008199708214449715,-0.005702063071078676,-0.0009011920742662905
1765410069.605352,-2.8577632362308667,-0.5202623689507344,9.628418433046907,-0.008204236356307862,-0.005704895417714185,-0.0009406522032439325
1765410069.608301,-2.858741417037364,-0.5207301482155874,9.62818075416004,-0.008209872338343608,-0.005711490036199141,-0.0009755563481117654
1765410069.610333,-2.859123108519657,-0.5212485429600388,9.627654959943147,-0.008214771094101474,-0.005723362906302951,-0.0010051044172868174
1765410069.613333,-2.858979243724856,-0.5218250781800683,9.626888151821852,-0.008217308054719074,-0.005742085186624378,-0.0010285868291169896
1765410069.615475,-2.8583991803399,-0.5224663783422697,9.62593409467878,-0.008216205550917677,-0.005768999528008204,-0.0010453578964769645
1765410069.618393,-2.8574840158892356,-0.5231774141598604,9.624849421123763,-0.008210606111081844,-0.005804965213288977,-0.0010548171251228422
1765410069.620375,-2.8563393543318667,-0.5239606958956733,9.623689637734554,-0.008200084118898696,-0.005850176618856192,-0.001056406121715932
1765410069.621381,-2.855068050193926,-0.5248154273138829,9.622505346233726,-0.008184598084682694,-0.0059040911761373644,-0.0010496257093468647
1765410069.625438,-2.8537635398905654,-0.5257367154761685,9.621339155146643,-0.008164397672259013,-0.005965482780290591,-0.0010340746367715208
1765410069.626398,-2.8525043341162637,-0.5267149623694458,9.620223616114522,-0.008139907831994786,-0.006032607847553286,-0.0010095075989405191
1765410069.629387,-2.85135002588694,-0.5277355163062148,9.619180223575649,-0.008111614802757934,-0.006103445263219154,-0.000975906123822534
1765410069.633462,-2.850338957588429,-0.5287786032706245,9.618219381250793,-0.008079977118523603,-0.006175960346260293,-0.0009335519182245476
1765410069.635858,-2.849487597039498,-0.5298195452439564,9.617341285320887,-0.008045379943153779,-0.006248348018919569,-0.0008830890946064052
1765410069.636358,-2.8487915734750002,-0.530829287340596,9.61653761941917,-0.008008141388601264,-0.006319223354026695,-0.0008255603839977804
1765410069.640352,-2.848228155256266,-0.5317752654420015,9.615793760218303,-0.007968565300857666,-0.006387741411985367,-0.0007624050527086848
1765410069.64333,-2.8477598270172466,-0.5326226432496538,9.615091105273663,-0.007927021011051421,-0.006453639824160926,-0.0006954134655320308
1765410069.645322,-2.8473386111352785,-0.5333359339980783,9.614409255598108,-0.007884022905731333,-0.00651720486742058,-0.0006266423526466846
1765410069.648297,-2.846910826703739,-0.5338809926203395,9.61372798333424,-0.007840285015974958,-0.006579164740933597,-0.0005583024685766767
1765410069.648797,-2.8464220579659076,-0.534227309538329,9.613029077113943,-0.007796736374028569,-0.006640515749425187,-0.0004926352761827246
1765410069.651407,-2.8458221821269136,-0.5343504526677536,9.61229821695535,-0.007754495448556699,-0.00670229155617314,-0.0004317966392938899
1765410069.655352,-2.845070297508534,-0.534234411311184,9.611526925743304,-0.007714811188548144,-0.006765294366955063,-0.00037776166713880113
1765410069.65828,-2.844139286691611,-0.533873547806263,9.610714448426826,-0.007678982285345714,-0.006829820020254019,-0.0003322566127701418
1765410069.660319,-2.8430196526972575,-0.5332738970087005,9.609869296964536,-0.007648265549394001,-0.0068954222896756776,-0.00029671501475057063
1765410069.661335,-2.841722235315023,-0.5324536445400386,9.60901021050813,-0.007623781262832425,-0.0069607665622251295,-0.0002722496989773853
1765410069.665354,-2.840279413141528,-0.5314427061415263,9.608166325174214,-0.007606422251765778,-0.007023613092512708,-0.0002596311650542896
1765410069.668292,-2.8387444294098647,-0.5302813967229686,9.607376383576863,-0.007596775471750415,-0.00708094679154476,-0.00025926613258962734
1765410069.670325,-2.8371885918453623,-0.5290182309844155,9.60668684472167,-0.007595066045958951,-0.0071292417545395885,-0.000271176163954563
1765410069.673317,-2.8356962897593103,-0.5277069600296774,9.606148783931893,-0.007601129994044394,-0.007164823859509193,-0.0002949822379931924
1765410069.675337,-2.834358045234768,-0.5264030377584686,9.605813587567098,-0.007614414959494274,-0.007184280721173546,-0.00032990378663811477
1765410069.678352,-2.833262179099985,-0.5251598272883996,9.605727740174364,-0.007634003640223024,-0.007184866164736861,-0.00037477916054343076
1765410069.68034,-2.8324860329010253,-0.5240249633787998,9.605927358489527,-0.007658656246216624,-0.007164851768187263,-0.00042811032594720525
1765410069.681335,-2.832087884689951,-0.5230373154584209,9.606433329118893,-0.00768687449409761,-0.007123786008665544,-0.00048812983848382546
1765410069.683373,-2.832100680825239,-0.5222249049829097,9.607247897628715,-0.0077169940767727475,-0.007062630973579538,-0.0005528841167747584
1765410069.688351,-2.8325285326427787,-0.5216039470076266,9.608353392168654,-0.0077473096277416225,-0.006983759212459056,-0.0006203248688950758
1765410069.690315,-2.8333466065778943,-0.5211789920913947,9.60971344767097,-0.0077762263161874345,-0.006890810221448459,-0.0006884010116586201
1765410069.693381,-2.8345045483152704,-0.5209440114920554,9.611276648793407,-0.007802421277433244,-0.006788425159905375,-0.0007551457912523512
1765410069.695391,-2.835932974590049,-0.5208841975165638,9.612982043441674,-0.00782499195448222,-0.006681894518453738,-0.0008187557565489369
1765410069.698364,-2.8375519704796814,-0.5209782060486424,9.614765607106607,-0.00784356839783421,-0.006576761874903122,-0.0008776581485271803
1765410069.700361,-2.839280140534393,-0.5212005503437442,9.616566568275928,-0.00785837043204492,-0.006478427200037289,-0.000930562131945357
1765410069.703369,-2.841042772201666,-0.5215238931945682,9.618332646390929,-0.007870196795836793,-0.006391787986167542,-0.0009764897364402927
1765410069.705367,-2.842778080799174,-0.5219210611307461,9.620023646886372,-0.007880342444473437,-0.006320946991310683,-0.0010147856998902168
1765410069.708357,-2.844441069536028,-0.5223666604513524,9.621613257152108,-0.00789045198619593,-0.006269002171260641,-0.001045109973399213
1765410069.71038,-2.8460050067287166,-0.5228382032943244,9.623089161866083,-0.007902328394627347,-0.006237920837375025,-0.0010674192851709678
1765410069.713336,-2.8474608242612747,-0.5233167072012255,9.624451798207106,-0.007917722372488624,-0.00622849039002816,-0.001081942755824662
1765410069.715407,-2.848814862899664,-0.5237868254920739,9.625712149672385,-0.00793812798818031,-0.0062403326441650975,-0.001089151888058182
1765410069.718393,-2.85008531733548,-0.5242366361446151,9.626888821440952,-0.00796460717376982,-0.006271967040092859,-0.001089721154535365
1765410069.720403,-2.851297610005924,-0.5246572242692422,9.628004448747864,-0.00799766170807252,-0.006320911483628563,-0.0010844758414190348
1765410069.721372,-2.85247898472293,-0.5250421687623138,9.62908159705949,-0.008037165808376465,-0.006383817431521828,-0.001074328907153755
1765410069.725422,-2.853652842693386,-0.5253870249902818,9.630138615178524,-0.008082364044872472,-0.006456641353964085,-0.0010602147064103235
1765410069.728396,-2.854833457290512,-0.5256888826350472,9.631185973201802,-0.008131928973315645,-0.006534852768892926,-0.0010430306322564348
1765410069.730368,-2.8560215643185494,-0.5259460594169344,9.632223384528972,-0.008184064327319919,-0.006613673022746934,-0.0010235966785668812
1765410069.733355,-2.8572011129375867,-0.5261579590348469,9.633237796852626,-0.008236636527695834,-0.006688334063166727,-0.001002638716277877
1765410069.735372,-2.8583373646608665,-0.5263250656592874,9.634202294002163,-0.00828732026173182,-0.00675434235484307,-0.000980795643804968
1765410069.738332,-2.85937653941243,-0.5264489792935354,9.635075981662881,-0.008333749752709566,-0.0068077291317106756,-0.0009586447047624333
1765410069.740372,-2.8602472695137746,-0.5265323645126015,9.635805038304257,-0.008373671230273272,-0.006845267968048447,-0.0009367346722612372
1765410069.74332,-2.860864162147379,-0.5265787287689045,9.636325297701699,-0.008405091137102803,-0.006864645629907294,-0.0009156152910107865
1765410069.745331,-2.8611336179394127,-0.5265920378031888,9.636566700810054,-0.008426410488755283,-0.0068645775646062526,-0.0008958538063874736
1765410069.748352,-2.860961612725694,-0.5265762373011623,9.636459489257778,-0.0084365335357327,-0.006844862433418084,-0.0008780336884533487
1765410069.750323,-2.8602626426367204,-0.5265347398473479,9.635941420640506,-0.008434941943166598,-0.006806374460051468,-0.0008627347235005456
1765410069.753344,-2.8589687888501656,-0.5264698961626586,9.634965031971797,-0.008421732781299743,-0.006750998992801548,-0.0008504970995431939
1765410069.755374,-2.857037920360435,-0.5263824735405612,9.633504072414915,-0.008397624796754882,-0.006681519407259268,-0.0008417752225253134
1765410069.758322,-2.8544602297691783,-0.5262712284327932,9.631558403586656,-0.008363938653399143,-0.006601459380726603,-0.0008368892084886507
1765410069.758822,-2.8512624727779485,-0.5261327221114644,9.629156838093008,-0.008322553553144063,-0.006514879788061627,-0.0008359824454383218
1765410069.763336,-2.84750943932124,-0.5259615221173739,9.626357573402585,-0.008275838542110982,-0.0064261307733866025,-0.0008389923953297506
1765410069.765348,-2.8433023064388463,-0.5257508603293065,9.623246038402433,-0.008226554488576338,-0.006339567446385252,-0.0008456398214498709
1765410069.767434,-2.838773678741687,-0.5254937290004367,9.619930157507556,-0.008177722831653349,-0.006259248960745661,-0.0008554395293433037
1765410069.77034,-2.834079447419655,-0.5251843111880882,9.616533362479139,-0.008132460319587656,-0.00618865108290623,-0.0008677332283087273
1765410069.772391,-2.8293880660702424,-0.5248195554660704,9.613186034631374,-0.008093785298032546,-0.0061304261730013455,-0.0008817417272898246
1765410069.774311,-2.8248682560907583,-0.5244006408598268,9.610016225562557,-0.008064409025288615,-0.006086238959744598,-0.0008966301067863808
1765410069.776402,-2.8206764022994246,-0.5239340858129515,9.607140503563937,-0.008046531873734088,-0.006056695298992525,-0.0009115777099821614
1765410069.780358,-2.8169449822709782,-0.5234323290252985,9.604655739641714,-0.008041666108935504,-0.006041369694665484,-0.0009258455299011136
1765410069.783344,-2.813773264687017,-0.5229136889964371,9.602632556565485,-0.008050503121004257,-0.006038926881262073,-0.0009388348783736774
1765410069.784322,-2.8112212258113316,-0.5224016783389117,9.601110990261635,-0.008072835607994702,-0.006047322550965244,-0.0009501308069410756
1765410069.788345,-2.809307300996657,-0.521923747738641,9.600098768813787,-0.008107538214312256,-0.0060640592388658,-0.0009595225901326114
1765410069.79039,-2.8080102558129765,-0.5215096363422312,9.599572481192045,-0.008152606297626805,-0.006086466037176911,-0.0009669953509632908
1765410069.793356,-2.8072749873153207,-0.5211895155813246,9.599481577117515,-0.00820525173356341,-0.0061119663109313275,-0.0009726932402375036
1765410069.795319,-2.807021415026856,-0.5209920276304254,9.599754618933844,-0.008262054095193325,-0.006138300280546261,-0.0009768621870950712
1765410069.798357,-2.807155047414499,-0.520942259194596,9.600306803098668,-0.008319162113476636,-0.006163681500893485,-0.000979783753512858
1765410069.800336,-2.807577585704476,-0.5210597352342392,9.601047664568812,-0.00837253470987925,-0.006186881513915343,-0.0009817092903570432
1765410069.803315,-2.808196089006852,-0.5213566041706821,9.601887991091822,-0.008418206981694484,-0.006207245914628226,-0.0009827991418344894
1765410069.805342,-2.808929657789157,-0.5218362189869737,9.60274523160429,-0.008452565870519829,-0.006224646520962659,-0.00098307008315167
1765410069.807325,-2.809713142266643,-0.5224922834558365,9.603547042145834,-0.008472619867966198,-0.006239375228314682,-0.0009823566623240936
1765410069.808335,-2.810497866458593,-0.5233086771538374,9.604232932439857,-0.008476244088179237,-0.006251990878278984,-0.0009802954332770307
1765410069.813374,-2.81124970334663,-0.524260018782666,9.604754193796166,-0.008462377868395212,-0.006263139618269585,-0.000976341161441476
1765410069.815423,-2.8119451633153196,-0.5253129456016348,9.605072540906212,-0.008431150983274543,-0.006273376405973113,-0.0009698193567361157
1765410069.818484,-2.8125665400621402,-0.5264279599272099,9.605158212396619,-0.008383918795647628,-0.006283016045576071,-0.0009600111938600654
1765410069.820444,-2.8130974050124933,-0.5275615804060318,9.604988409957036,-0.008323195044954055,-0.006292036159600681,-0.0009462582240542406
1765410069.823394,-2.8135196110256446,-0.528668530208755,9.604546746527399,-0.008252481664251876,-0.006300046117528623,-0.000928069317342493
1765410069.825454,-2.8138124617834577,-0.5297038085515935,9.603823935497092,-0.008176006709427414,-0.006306328732986127,-0.0009052130610390496
1765410069.826427,-2.813954046531344,-0.5306246330325995,9.60281950309495,-0.008098391806939904,-0.00630995315470445,-0.0008777834164909198
1765410069.830405,-2.813924185612342,-0.5313923210702588,9.60154400966043,-0.008024277131741383,-0.006309944524588687,-0.0008462315618181285
1765410069.833439,-2.813708141787841,-0.5319741829448913,9.600021187652262,-0.007957935507042142,-0.006305482609703463,-0.0008113617477140426
1765410069.83539,-2.8133002237535405,-0.5323454271020843,9.598289449046035,-0.007902909863049246,-0.006296095602081089,-0.0007742944565952692
1765410069.83859,-2.8127065331497234,-0.5324909341139291,9.596402248670957,-0.007861709225742308,-0.006281819064329806,-0.0007364052818966556
1765410069.840325,-2.8119463331870937,-0.5324066105710134,9.59442687863741,-0.007835594397665816,-0.006263299741945542,-0.0006992500760717675
1765410069.843343,-2.8110518520597876,-0.5321000032509583,9.59244155844572,-0.007824474089468904,-0.0062418346954020085,-0.0006644848638395873
1765410069.845389,-2.810066683525578,-0.5315899706232747,9.59053108899504,-0.007826918115601359,-0.006219344350358667,-0.0006337846986526102
1765410069.846372,-2.809043151621871,-0.5309053880208787,9.588781628069974,-0.007840281542897653,-0.006198282272848817,-0.000608761947969426
1765410069.850459,-2.8080390397738593,-0.5300830046920745,9.587275246799194,-0.007860925712217477,-0.006181485912490803,-0.0005908825821074144
1765410069.853325,-2.8071140327961137,-0.5291646519598744,9.586084871742374,-0.007884517314321217,-0.006171973685617068,-0.0005813783606159099
1765410069.855356,-2.806326131025301,-0.5281940535835338,9.585270007001878,-0.007906381657401196,-0.006172697738543371,-0.0005811536611505754
1765410069.856361,-2.805728210212074,-0.5272135324371865,9.584873378303481,-0.007921880566467237,-0.006186270503888325,-0.0005906901051149115
1765410069.858343,-2.8053648976313066,-0.5262609251549775,9.584918553628887,-0.007926781781820868,-0.006214692900668498,-0.0006099599608716765
1765410069.86335,-2.8052699949537208,-0.5253669819896557,9.5854086605672,-0.007917587650528959,-0.006259114614120482,-0.00063836545159319
1765410069.865346,-2.805464672216129,-0.5245534535954817,9.586326326041897,-0.007891797118838865,-0.0063196501297564595,-0.0006747201416956821
1765410069.868328,-2.805956550386716,-0.5238319959356449,9.587634858846906,-0.00784808550289504,-0.006395265357043992,-0.0007172807138207047
1765410069.868828,-2.8067396861072766,-0.5232039721840072,9.589280612776252,-0.007786397507630039,-0.0064837452168021795,-0.000763827568993225
1765410069.87336,-2.807795430747809,-0.5226611580622977,9.591196441522394,-0.007707956085590829,-0.006581750260204197,-0.0008117854711434875
1765410069.875333,-2.8090941081427845,-0.5221872548187876,9.593306101032436,-0.007615192295080731,-0.006684965472711263,-0.0008583726195348965
1765410069.878358,-2.8105973918129856,-0.5217600311308486,9.59552934050646,-0.007511602759451464,-0.006788337254657971,-0.0009007671010436692
1765410069.880344,-2.81226116322386,-0.5213538819071849,9.597787273345736,-0.007401544651658562,-0.00688638776108963,-0.0009362815326999383
1765410069.881383,-2.8140385230444727,-0.520942582377086,9.600007466208654,-0.007289982486810425,-0.006973589086657501,-0.0009625377880557291
1765410069.885366,-2.8158825714576774,-0.520502002911064,9.602128128472183,-0.007182203404256806,-0.007044772072789902,-0.0009776324967497218
1765410069.8864,-2.8177486398778018,-0.5200125427210414,9.604100919974893,-0.007083517388097178,-0.007095536985258589,-0.0009802801449313716
1765410069.890399,-2.8195958080237817,-0.5194610631010688,9.60589213406678,-0.0069989587071190495,-0.0071226285327224996,-0.0009699160942110607
1765410069.89336,-2.821387671027272,-0.5188421634656936,9.60748219949746,-0.006933006441897342,-0.0071242382154919634,-0.0009467412892327978
1765410069.895332,-2.823092417691133,-0.5181587326652516,9.608863603284206,-0.0068893432403768365,-0.0071002045018650085,-0.0009116976544403282
1765410069.898339,-2.824682403107064,-0.5174217994862963,9.610037575366873,-0.006870669663486923,-0.007052094408157658,-0.0008663765285620767
1765410069.900354,-2.8261335308218487,-0.5166497847487311,9.611010147072182,-0.006878585849049595,-0.006983163759544431,-0.0008128754391670523
1765410069.903403,-2.8274248216631004,-0.5158673153551773,9.611788359164791,-0.006913543136265486,-0.00689820303262954,-0.0007536257490475454
1765410069.9054,-2.8285384960471855,-0.5151037830200367,9.612377378616108,-0.006974858052797399,-0.006803279864553493,-0.0006912145847034137
1765410069.906425,-2.8294607360442607,-0.5143918026477848,9.61277906972941,-0.007060774253329098,-0.006705389707170135,-0.0006282209461171424
1765410069.910394,-2.8301830607904153,-0.5137656594565546,9.61299219876585,-0.007168557356837905,-0.0066120266782040485,-0.0005670800746037463
1765410069.913325,-2.830704034392194,-0.513259770536861,9.613014077339383,-0.0072946117119423596,-0.006530692099980409,-0.0005099840707070142
1765410069.915391,-2.831030909432401,-0.5129071589539521,9.612843204173746,-0.007434614488280691,-0.006468369603869731,-0.0004588216988257146
1765410069.918403,-2.831180795567145,-0.512737942170036,9.612482353353393,-0.007583668963882905,-0.006431008635046217,-0.0004151555215355906
1765410069.920339,-2.8311809957241683,-0.5127778429417515,9.61194151792712,-0.007736481965089694,-0.006423066524379986,-0.0003802285554077829
1765410069.923365,-2.831068239379527,-0.5130467282298742,9.611240116396424,-0.007887568023339089,-0.006447158820034127,-0.00035498652430573376
1765410069.92542,-2.830886649167637,-0.5135571951444716,9.610407930340305,-0.0080314775248541,-0.0065038572822793935,-0.00034009914492916807
1765410069.928412,-2.8306844386681727,-0.5143132815550862,9.609484435128719,-0.008163041647458168,-0.006591657110862967,-0.0003359675346049759
1765410069.930453,-2.8305095863657193,-0.5153094548154978,9.608516512437262,-0.008277623247386737,-0.0067071136238387565,-0.00034271348638450426
1765410069.933386,-2.830404989345699,-0.516530048134047,9.607554846627657,-0.008371358080322636,-0.006845127380234503,-0.0003601554380276023
1765410069.935386,-2.8304037583817054,-0.5179492488346462,9.606649503273902,-0.008441365206583904,-0.006999339314148847,-0.0003877817026113652
1765410069.938357,-2.8305253447267664,-0.519531672314989,9.605845329204328,-0.008485902619392277,-0.00716258811145844,-0.0004247333689065897
1765410069.940364,-2.83077306970615,-0.5212335372323154,9.605177876600328,-0.008504447247204495,-0.007327382466338912,-0.00046980830991916693
1765410069.943352,-2.83113330795729,-0.5230044449591774,9.604670353326089,-0.008497687818905756,-0.0074863480449991054,-0.0005214941992978258
1765410069.945319,-2.8315761639334562,-0.5247897081523165,9.604331707192415,-0.00846743277226943,-0.00763261978727711,-0.000578032230032051
1765410069.946326,-2.83205728650252,-0.5265331045139677,9.604155775619066,-0.008416449717964465,-0.007760163851150775,-0.0006375062850494491
1765410069.950459,-2.8325206087906203,-0.5281798936956817,9.604121603279665,-0.008348261788295876,-0.007864026972331352,-0.000697947635195023
1765410069.953396,-2.8329020096776483,-0.5296798973775614,9.604195145908237,-0.008266924973512436,-0.007940518205257376,-0.0007574435843384859
1765410069.955381,-2.8331338980603005,-0.530990378598636,9.604332377131138,-0.008176802250178927,-0.007987327981436313,-0.0008142386939789519
1765410069.958384,-2.8331505940812574,-0.5320784124084975,9.604483571465881,-0.00808234299430459,-0.008003587710018696,-0.0008668188763417103
1765410069.960401,-2.8328942893292868,-0.5329224652819651,9.604598482917645,-0.007987874178212775,-0.007989872449423572,-0.000913971552917703
1765410069.963396,-2.8323212608456756,-0.5335129888175567,9.60463206881394,-0.00789741062446149,-0.00794814700381266,-0.000954818209514106
1765410069.965374,-2.83140781857247,-0.533851967541343,9.604550177414957,-0.007814490973630054,-0.007881652633611251,-0.000988818889162178
1765410069.968379,-2.8301553168251044,-0.5339515310312365,9.604334464589314,-0.0077420433983827535,-0.007794731813026154,-0.0010157525747179225
1765410069.968879,-2.828593570603017,-0.5338318920256231,9.603985877118866,-0.007682283039341158,-0.007692592469792583,-0.0010356823710231781
1765410069.971377,-2.8267820803032517,-0.533518933630775,9.603526151313131,-0.007636643927531898,-0.00758101761087323,-0.001048916316976508
1765410069.975354,-2.824808527847522,-0.5330417443456877,9.602996873437004,-0.007605750794570808,-0.0074660317036156455,-0.0010559709369700157
1765410069.978356,-2.822784234976411,-0.5324303550174999,9.602455957139655,-0.007589436860226246,-0.00735354387259761,-0.0010575374522318528
1765410069.980389,-2.820836745649284,-0.5317138988609466,9.601971906649053,-0.0075868103371342305,-0.007248996380780657,-0.0010544450052465527
1765410069.983371,-2.819100183875812,-0.5309193695122849,9.601616621254035,-0.007596367223914343,-0.007157049002838557,-0.0010476144829662303
1765410069.985336,-2.817704323089585,-0.5300710660823953,9.601457608365363,-0.007616143578206355,-0.007081325305001395,-0.001037999963031967
1765410069.988368,-2.816763387866485,-0.5291906898872797,9.601550444850677,-0.007643895936255425,-0.007024238921338086,-0.0010265196102595621
1765410069.99038,-2.816365560015864,-0.5282979160811891,9.601932206470893,-0.007677292586917195,-0.006986908550304493,-0.001013981211885473
1765410069.993359,-2.8165640233359923,-0.52741114631302,9.602616356953588,-0.007714094015687859,-0.006969161336554055,-0.0010010088905294749
1765410069.993859,-2.8173702768705837,-0.5265481080546484,9.603589426837193,-0.007752302761169677,-0.006969618547737344,-0.000987978755044419
1765410069.998423,-2.8187504485372474,-0.5257260199661262,9.60480983447021,-0.007790271176838831,-0.00698585464705799,-0.0009749732386986783
1765410070.000421,-2.8206252857193665,-0.5249611602330789,9.606209179291707,-0.00782676461554456,-0.007014616418539996,-0.0009617642111955749
1765410070.001427,-2.8228741991307227,-0.5242678271741066,9.607696070364847,-0.007860982470122811,-0.007052081428586547,-0.0009478311969836473
1765410070.005379,-2.825343264759707,-0.5236568577454693,9.609162222328493,-0.007892540611806057,-0.007094130025347892,-0.0009324145049638181
1765410070.008382,-2.827856632075979,-0.5231340307405629,9.61049037481651,-0.007921418864794172,-0.007136606573329956,-0.0009145970491472945
1765410070.01041,-2.8302304071219666,-0.5226987566504175,9.611563504455159,-0.00794787769699517,-0.007175551916809228,-0.0008934046285578553
1765410070.013402,-2.8322878053164353,-0.5223434130495338,9.612274710859516,-0.007972350245425705,-0.007207396719093691,-0.0008679123662255919
1765410070.015412,-2.8338742724704176,-0.5220535592293474,9.612537114211824,-0.007995320255861015,-0.007229112353781931,-0.000837345343582094
1765410070.018422,-2.834871311622956,-0.5218091084082102,9.612293046621458,-0.008017202198860806,-0.0072383202568695225,-0.0008011647352489991
1765410070.020387,-2.8352077911071936,-0.5215863778716802,9.611521644344663,-0.008038242984555527,-0.0072333616675143,-0.0007591357838612532
1765410070.023447,-2.8348675664869765,-0.5213607947877147,9.610243800362555,-0.008058462884733875,-0.007213330839745334,-0.0007113781385445834
1765410070.025408,-2.8338924811247224,-0.5211099262844348,9.608523563879324,-0.008077646987215782,-0.007178077837488826,-0.0006584001047339015
1765410070.028415,-2.8323802313064417,-0.5208164385057781,9.606465448366722,-0.00809538970114299,-0.0071281885122954315,-0.0006011158412372851
1765410070.030435,-2.8304770646882833,-0.5204705823607988,9.604207555162844,-0.008111185097337001,-0.007064946461888806,-0.0005408407166671785
1765410070.031428,-2.8283657632786205,-0.5200718629956304,9.601910883811424,-0.008124545954812134,-0.006990277093729562,-0.0004792583438303827
1765410070.033429,-2.8262498350870136,-0.5196296619416471,9.59974565730395,-0.008135125788954362,-0.006906670966181376,-0.000418355093813564
1765410070.038391,-2.8243352545249065,-0.5191627135101993,9.597875857962729,-0.008142814680264555,-0.006817083555143393,-0.00036032325914198187
1765410070.040407,-2.8228114368479886,-0.5186974720036953,9.596443473681115,-0.008147785048878413,-0.006724811654122245,-0.00030744046770849056
1765410070.043403,-2.8218334124049593,-0.5182655372906514,9.595554251552242,-0.008150476395063415,-0.006633351540639421,-0.00026193864731402435
1765410070.045403,-2.8215072505918237,-0.5179004178091797,9.595266871310876,-0.008151522423861057,-0.006546246927258928,-0.00022587866109323207
1765410070.048412,-2.8218804779443376,-0.5176339920853581,9.595587122454631,-0.008151634606888909,-0.006466933148989437,-0.0002010444935058298
1765410070.048912,-2.8229385504853863,-0.5174930823590908,9.596467910087004,-0.008151462374906408,-0.00639858084482059,-0.000188863737740328
1765410070.053394,-2.8246075859030064,-0.5174965565149947,9.597814970106734,-0.00815145358726451,-0.006343941491393576,-0.00019035266718293753
1765410070.053894,-2.8267627220982723,-0.517653300344623,9.59949726999716,-0.00815174001238065,-0.006305199522728428,-0.00020607899543688608
1765410070.05841,-2.8292407889249827,-0.5179612665265692,9.60136043309437,-0.008152069697509812,-0.006283841016423836,-0.00023613604328012896
1765410070.060425,-2.831855619875993,-0.5184076544247809,9.603241371506524,-0.008151800641090225,-0.006280554736089515,-0.0002801269563926323
1765410070.063395,-2.834414306407959,-0.5189701316772899,9.604982573779061,-0.00814995969772509,-0.006295181702458798,-0.00033716217145507367
1765410070.065377,-2.8367328232140188,-0.5196188846685066,9.606444813449885,-0.008145360074561323,-0.006326720901730896,-0.00040587385374088995
1765410070.068412,-2.8386496238906465,-0.5203192044976785,9.607517268227094,-0.008136763239265932,-0.006373387288812281,-0.00048444863896907894
1765410070.0704,-2.840036125028832,-0.521034303764593,9.608124344546278,-0.008123067790739322,-0.006432713431144972,-0.0005706783146705604
1765410070.073374,-2.8408034878188655,-0.5217281090958057,9.60822896389754,-0.00810350634697689,-0.006501689018975587,-0.0006620279359464683
1765410070.074368,-2.840905583320071,-0.5223678410768626,9.607832488891175,-0.008077828216723367,-0.006576935804931097,-0.0007557199726452285
1765410070.078338,-2.8403383473265267,-0.5229262357288667,9.606971706836116,-0.008046441126986827,-0.006654913870986577,-0.0008488302028571784
1765410070.080402,-2.8391359587112457,-0.5233832761080915,9.605713417131351,-0.008010484589657313,-0.006732149184596694,-0.0009383883828760262
1765410070.083346,-2.837364530723257,-0.5237273194380295,9.60414728909209,-0.007971814813155427,-0.006805464972818012,-0.001021477389344363
1765410070.083846,-2.8351142781286525,-0.5239555507872662,9.602377778401642,-0.0079328957684848,-0.0068721922330653145,-0.0010953288162220802
1765410070.088443,-2.8324912744512023,-0.5240737601540603,9.600515944751292,-0.00789660808008106,-0.0069303309309856915,-0.0011574174756704399
1765410070.090434,-2.82960980986217,-0.524095497660084,9.598671915599965,-0.007866000543891543,-0.006978638685261069,-0.0012055579235462225
1765410070.093415,-2.826586014684421,-0.5240407034466218,9.59694849557864,-0.00784401457722396,-0.007016639149958011,-0.001238002248241555
1765410070.095423,-2.823532986710279,-0.5239339492611802,9.595436155233479,-0.007833210745965083,-0.007044559897381664,-0.0012535327246922163
1765410070.098399,-2.8205573263844714,-0.5238024674462397,9.594209466270108,-0.007835522414261428,-0.007063219972518197,-0.0012515390987338463
1765410070.100412,-2.8177568108171767,-0.5236741546065758,9.593324970179173,-0.007852057145693044,-0.007073889271231351,-0.0012320700738635748
1765410070.10337,-2.815218881150525,-0.5235757062962673,9.592820373730934,-0.007882961785073356,-0.007078139920258239,-0.0011958519753634345
1765410070.105388,-2.8130196084772545,-0.5235309885899947,9.592714819572057,-0.007927361234669925,-0.007077706060499043,-0.0011442733978930463
1765410070.106383,-2.811222846336452,-0.5235597197294352,9.593009880406088,-0.007983373922361562,-0.0070743627987038,-0.0010793407199578156
1765410070.108368,-2.8098794203991533,-0.523676523204808,9.59369098553293,-0.008048200355391468,-0.0070698289536344225,-0.001003612939556143
1765410070.113365,-2.809026387753208,-0.5238903909258485,9.594729143450895,-0.008118277025657384,-0.007065692991540962,-0.0009201237223783075
1765410070.115348,-2.8086864612837465,-0.5242045516263546,9.596082894121961,-0.008189487163996263,-0.0070633570324463504,-0.0008322943683946382
1765410070.11841,-2.8088676155326207,-0.524616705973188,9.597700397713638,-0.008257420059457059,-0.0070639906637641635,-0.0007438355374200575
1765410070.1205,-2.8095628398868495,-0.5251195787211805,9.599521594732087,-0.008317667630437514,-0.007068486550418781,-0.0006586307660630424
1765410070.123388,-2.8107500952028284,-0.5257017191644987,9.601480481625298,-0.008366139970097055,-0.007077413710395971,-0.0005805939946280985
1765410070.125359,-2.8123926630104785,-0.5263484441448567,9.603507600857839,-0.00839937518648924,-0.007090969712449532,-0.00051349754034653
1765410070.128505,-2.8144400972561043,-0.5270428037573427,9.605532767002773,-0.008414817296310096,-0.007108937723729024,-0.00046077401072923147
1765410070.130431,-2.816829851325907,-0.5277664820153971,9.607487881852446,-0.008411038742852749,-0.00713065651216364,-0.00042530247190301386
1765410070.133424,-2.819489431820937,-0.5285005858441838,9.6093095302218,-0.00838788777457524,-0.007155010729301207,-0.00040919497831369875
1765410070.13536,-2.8223387699188334,-0.5292262836125311,9.610941026744728,-0.008346543369361097,-0.00718044748578842,-0.00041360512245244347
1765410070.138383,-2.8252925131871836,-0.5299252404342966,9.612333756001837,-0.008289463811130984,-0.007205025451752422,-0.0004385844425853437
1765410070.14139,-2.8282620889671346,-0.530579810564616,9.613447875076906,-0.008220224051847863,-0.00722650200529091,-0.0004830116863453018
1765410070.143367,-2.831157551978138,-0.5311730154256532,9.614252566770412,-0.008143252520044438,-0.00724245906159335,-0.0005446119227287473
1765410070.145382,-2.8338893507612632,-0.5316884272077681,9.614726058932863,-0.00806349398603365,-0.007250460637488797,-0.0006200696681981547
1765410070.148401,-2.836370220760152,-0.5321101264860898,9.614855620927091,-0.007986033819048215,-0.00724822880818476,-0.0007052272911378311
1765410070.150354,-2.8385173874765512,-0.5324228808397261,9.614637671625909,-0.007915718763568846,-0.007233821242743075,-0.0007953503703094323
1765410070.153386,-2.840255149378434,-0.5326126345078834,9.614077999951725,-0.007856804602830664,-0.00720579309504753,-0.0008854362513703567
1765410070.155358,-2.841517805303191,-0.5326673393232586,9.61319202195469,-0.007812656626919564,-0.007163328252949376,-0.0009705402149693749
1765410070.156416,-2.8422528053861997,-0.5325780839152927,9.612004959758723,-0.007785526049161038,-0.007106327987112886,-0.0010460945872968854
1765410070.160375,-2.842423860339755,-0.5323403836128612,9.610551724282029,-0.007776422145911963,-0.007035447432875543,-0.001108198594013115
1765410070.163339,-2.8420136151483986,-0.5319554109357026,9.608876225125034,-0.007785092128605817,-0.00695207388482762,-0.0011538592720301243
1765410070.165425,-2.841025567007753,-0.5314309144234113,9.607030014575304,-0.0078101072605832106,-0.006858248006683455,-0.0011811658587910425
1765410070.168368,-2.839485151840426,-0.5307816016776171,9.605070487172906,-0.007849038801180853,-0.006756537692976421,-0.0011893834849710481
1765410070.170414,-2.8374400706192446,-0.5300288458458239,9.603058975407395,-0.007898698078896248,-0.006649879864063399,-0.0011789589269968037
1765410070.173409,-2.8349598301974295,-0.5291997008193259,9.601058912315455,-0.007955414493817797,-0.00654140696756479,-0.0011514411777113786
1765410070.175423,-2.832134276860981,-0.5283253469321929,9.599133998158504,-0.008015330211180493,-0.006434274617764372,-0.0011093290028332484
1765410070.178343,-2.8290708375708653,-0.5274391886411987,9.597346248550567,-0.008074694649118518,-0.006331504971544911,-0.0010558628556502105
1765410070.178843,-2.8258903469731114,-0.5265748526202055,9.59575393300248,-0.008130141734616805,-0.006235855462856414,-0.0009947792065585382
1765410070.183406,-2.822721627467602,-0.5257642908775801,9.594409554135511,-0.008178928862684252,-0.006149715054838656,-0.0009300443132444105
1765410070.185407,-2.819695218880709,-0.5250361231098015,9.593357992853841,-0.008219112371492332,-0.006075025213282875,-0.0008655847370981354
1765410070.188407,-2.81693672814055,-0.5244143047076006,9.592634796273513,-0.008249635173712784,-0.006013225639236605,-0.0008050338040835642
1765410070.190421,-2.8145602440533732,-0.5239171832327801,9.592264516303482,-0.00827031203290908,-0.005965233323141414,-0.0007515138683039943
1765410070.19338,-2.812662235561055,-0.5235569731789507,9.592259113060623,-0.008281716442805958,-0.005931467595726989,-0.0007074707232083995
1765410070.195359,-2.811316356531566,-0.5233396345228725,9.592616623046455,-0.008284993304103148,-0.005911926233875242,-0.0006745692193418749
1765410070.198354,-2.8105695740358954,-0.5232651127919444,9.593320404050877,-0.008281634322180646,-0.005906302114646199,-0.0006536513070677657
1765410070.200389,-2.810439946154609,-0.5233278808012269,9.59433920805664,-0.008273253671677779,-0.0059141162341431065,-0.0006447519950365167
1765410070.20245,-2.8109161850009836,-0.5235176866263952,9.595628137325685,-0.008261392554358168,-0.005934837615786059,-0.0006471656217288339
1765410070.205439,-2.8119589502335485,-0.5238203745629468,9.597130386659746,-0.008247368772928478,-0.005967964136046907,-0.0006595536380873379
1765410070.208425,-2.8135037279032957,-0.5242186513247942,9.598779674825172,-0.008232176235534317,-0.006013047614810348,-0.0006800848074923812
1765410070.209451,-2.815465119864527,-0.5246927265243732,9.600503303692665,-0.008216432049525707,-0.0060696583691683325,-0.0007065983819111686
1765410070.213359,-2.817742297453896,-0.5252208280783294,9.602225726348674,-0.008200366492579917,-0.006137296393657757,-0.0007367794839003222
1765410070.215383,-2.8202252530197573,-0.5257796457647831,9.603872421010873,-0.008183852182661112,-0.006215266368195907,-0.0007683335449318381
1765410070.216408,-2.822801372368753,-0.5263447842859577,9.605373840983495,-0.008166469147657791,-0.00630254028664019,-0.0007991452295832433
1765410070.220465,-2.8253617691309083,-0.5268913173420721,9.606669180143893,-0.008147599370252865,-0.00639763429824296,-0.0008274093984173524
1765410070.222433,-2.8278067931645436,-0.5273945211686203,9.607709615024737,-0.008126539969561749,-0.006498524959213389,-0.0008517268341221553
1765410070.225492,-2.83005022802364,-0.5278308205485405,9.60846066012615,-0.008102622891836359,-0.0066026234205134576,-0.0008711620986813861
1765410070.228371,-2.8320219633943395,-0.5281789128823213,9.608903410273491,-0.008075331461397044,-0.006706815377116319,-0.0008852628436753052
1765410070.230485,-2.8336692869394775,-0.5284209722521404,9.609034721345166,-0.008044406882889517,-0.006807564234044851,-0.0008940408799157461
1765410070.233479,-2.834957234319321,-0.5285437992669119,9.60886665357228,-0.008009937623998471,-0.006901067948787336,-0.0008979179474825664
1765410070.234469,-2.8358685257697687,-0.5285397871923617,9.608425592884206,-0.007972421622520542,-0.006983456504110803,-0.0008976431646093226
1765410070.238385,-2.83640346598922,-0.5284076054192605,9.607751321455426,-0.007932788302348353,-0.007051016333729116,-0.0008941921841476097
1765410070.240422,-2.836579901739636,-0.5281525200601053,9.606896056340412,-0.007892368176368398,-0.007100428395709817,-0.0008886590686160079
1765410070.243372,-2.836433086017365,-0.5277862733603421,9.605923291728109,-0.007852804653040588,-0.007129005137831078,-0.0008821518525965448
1765410070.245413,-2.836015182280923,-0.5273264652337712,9.604906246438636,-0.007815914455456398,-0.007134908252958187,-0.0008757023304731174
1765410070.248478,-2.8353941329199412,-0.5267954343498124,9.603925774645,-0.007783515544543197,-0.007117326485651388,-0.0008701982242470001
1765410070.250489,-2.8346516308656398,-0.5262186967685455,9.603067620140505,-0.007757249665834203,-0.007076592702582014,-0.0008663399821324556
1765410070.253477,-2.8338799586087497,-0.5256230539130261,9.6024188790958,-0.0077384276276703185,-0.007014222801087775,-0.0008646172604575958
1765410070.255477,-2.833177588457327,-0.5250345325121974,9.602063633335032,-0.0077279195465146154,-0.00693286611103515,-0.0008652967386322553
1765410070.258445,-2.8326437092243464,-0.5244763540619156,9.602077972314554,-0.007726102483749258,-0.006836166384434392,-0.0008684156236491263
1765410070.260406,-2.832372130180272,-0.5239671351723081,9.602524860621939,-0.0077328669033841935,-0.006728542349248621,-0.0008737810159788125
1765410070.263438,-2.83244517706686,-0.5235195014575281,9.60344938077209,-0.007747672742523493,-0.00661490697433942,-0.0008809792933065092
1765410070.265446,-2.8329282247037124,-0.5231392641478764,9.604874827971484,-0.007769637439177806,-0.0065003541701878845,-0.0008893992648974572
1765410070.268461,-2.833865421813225,-0.5228252508809088,9.606800026508543,-0.007797634529045202,-0.006389846307355142,-0.000898269192014651
1765410070.270467,-2.8352769602949732,-0.5225698054868956,9.609198116033008,-0.00783038412762867,-0.006287932865475882,-0.0009067037850014644
1765410070.273452,-2.8371580095477458,-0.5223599037447083,9.612017003522705,-0.007866525149972775,-0.006198522958228509,-0.0009137549796080791
1765410070.273952,-2.839479273934191,-0.5221787803232705,9.615181678715405,-0.007904669596703856,-0.006124726705240395,-0.0009184601785217249
1765410070.278454,-2.842188995198651,-0.5220079012382379,9.618598420185485,-0.007943445800453936,-0.006068772745143217,-0.0009198836780592317
1765410070.278954,-2.845216042429261,-0.5218290368367976,9.622160467904376,-0.007981536764888077,-0.006032000751208979,-0.0009171505081647421
1765410070.282443,-2.8484736029317226,-0.521626130207867,9.625754294899108,-0.008017714008272609,-0.006014919450903436,-0.0009094752340254511
1765410070.285385,-2.85186304610855,-0.521386665529194,9.629265532687361,-0.008050862720448733,-0.0060173131666133375,-0.0008961898844516802
1765410070.288434,-2.8552777523565096,-0.5211023410442418,9.632583913383153,-0.00807999453583366,-0.006038374135481071,-0.0008767749624303412
1765410070.290445,-2.858606943100961,-0.5207690272280983,9.635607076231791,-0.008104248450630187,-0.006076836656023589,-0.0008508962685865352
1765410070.293446,-2.861739705577523,-0.520386186538029,9.638243535235793,-0.008122884044299354,-0.006131093951563376,-0.0008184485230446632
1765410070.293946,-2.864569370495332,-0.5199560523086387,9.640415281736301,-0.008135271448105802,-0.006199285920234532,-0.000779604105935361
1765410070.296454,-2.8669981195709466,-0.5194828457374051,9.642060257562804,-0.008140880385213347,-0.006279352338022793,-0.0007348607445636485
1765410070.300459,-2.8689413683828238,-0.5189721901367725,9.643134518348015,-0.008139269160653584,-0.0063690539379467346,-0.0006850760161811205
1765410070.303421,-2.8703314191803813,-0.5184307603926441,9.64361373974863,-0.008130075372490591,-0.006465974124476508,-0.000631472724019974
1765410070.303921,-2.871120141632728,-0.5178661375818755,9.643493863017323,-0.008113012042073828,-0.006567520331559381,-0.0005756024230482783
1765410070.308424,-2.8712807068608126,-0.5172868128839702,9.642790854353683,-0.008087873620119559,-0.006670940946342496,-0.0005192651099541431
1765410070.310395,-2.870808470294297,-0.5167022767880872,9.64153966089619,-0.008054555228205062,-0.0067733662132940485,-0.00046439573374322226
1765410070.313427,-2.8697210625467915,-0.5161231215004152,9.639792569903651,-0.00801308625912944,-0.006871877098649739,-0.0004129360758338656
1765410070.315432,-2.868057711171183,-0.515561062815419,9.637617247698914,-0.007963676935231439,-0.0069636045675957395,-0.0003667111168261972
1765410070.316425,-2.865877786617248,-0.5150287643584245,9.635094641054318,-0.00790677389443568,-0.007045858462576246,-0.00032732391381020185
1765410070.320495,-2.863258582889602,-0.5145393606917965,9.632316778839055,-0.007843117854636556,-0.0071162785163778825,-0.00029607565832655443
1765410070.322392,-2.8602924240601704,-0.5141056455897333,9.629384436553629,-0.007773792225022869,-0.007172991549127396,-0.00027391142191043985
1765410070.32542,-2.857083216683352,-0.5137389853482465,9.626404533130756,-0.00770024729553517,-0.007214751293772301,-0.00026138970620083045
1765410070.328412,-2.85374247916096,-0.5134480785727988,9.623486983909157,-0.007624284586146388,-0.007241034545581971,-0.0002586755927722476
1765410070.328912,-2.8503848097177906,-0.5132376925249457,9.620740722810838,-0.007547994335909831,-0.007252072767208441,-0.0002655602109758139
1765410070.333373,-2.8471228538273485,-0.5131074956404893,9.618268854971447,-0.007473653972734663,-0.007248811006884746,-0.0002815092815238555
1765410070.335359,-2.844062052115881,-0.5130511201447125,9.61616327707415,-0.007403607569453667,-0.007232800821306231,-0.0003057389435212096
1765410070.338424,-2.8412956194039545,-0.513055625952933,9.61449938893402,-0.007340147646856345,-0.0072060449525600465,-0.0003373104691193213
1765410070.340369,-2.8389002004574584,-0.5131015536142891,9.613331589593782,-0.007285412264529722,-0.00717081624577548,-0.00037523072120539954
1765410070.343384,-2.83693247946007,-0.5131637163239494,9.612690100703885,-0.007241299997738696,-0.007129473588181165,-0.0004185435933254239
1765410070.34442,-2.835426833933578,-0.5132127911037473,9.612579405865219,-0.007209399078294368,-0.007084295882505365,-0.0004663987448977417
1765410070.348442,-2.8343940726462575,-0.5132176465039231,9.612978378289595,-0.0071909254321239485,-0.007037350565372058,-0.0005180886211130159
1765410070.35043,-2.833821370293697,-0.5131482101349123,9.613842014436349,-0.007186666516849641,-0.0069904051753789985,-0.0005730530907084221
1765410070.353546,-2.8336735648701477,-0.5129785608419477,9.615104549003554,-0.007196932394832889,-0.006944881735035691,-0.0006308583512015454
1765410070.355473,-2.8338959232559553,-0.5126898600018115,9.616683610347403,-0.007221519479944954,-0.006901847451151317,-0.0006911573143745055
1765410070.358433,-2.834418318960842,-0.5122727455466686,9.618485031076897,-0.007259693593051689,-0.006862031418008953,-0.0007536336291333178
1765410070.358933,-2.835160561107718,-0.5117289102651825,9.620407964056374,-0.007310198522153207,-0.0068258550351175855,-0.0008179286240137264
1765410070.363428,-2.8360384489690853,-0.5110717318303992,9.622350061142255,-0.007371295926307203,-0.006793465248570315,-0.0008835548778318746
1765410070.365379,-2.836970053589709,-0.5103259421636135,9.62421258719045,-0.007440840983000798,-0.006764764807950422,-0.000949808110852574
1765410070.368393,-2.8378817025023655,-0.5095263849271302,9.625905330268699,-0.00751639418017268,-0.006739439665504808,-0.0010156931420664133
1765410070.37036,-2.838713122921822,-0.5087159505717672,9.627351011571978,-0.007595364130102147,-0.00671698844941835,-0.001079877560180555
1765410070.373391,-2.8394212440155115,-0.5079428428362501,9.628488778483854,-0.007675170740302255,-0.0066967623995162874,-0.0011406822440111072
1765410070.375411,-2.8399823241782527,-0.5072574061598275,9.629276433977628,-0.007753412937271271,-0.0066780234019320475,-0.0011961140490761516
1765410070.376463,-2.8403923058561675,-0.5067087895724469,9.629691277853373,-0.007828021830470187,-0.006660019429352645,-0.0012439423949896131
1765410070.379396,-2.840665538261096,-0.506341726074718,9.629729696040517,-0.007897381688438627,-0.006642064561683069,-0.0012818170241280535
1765410070.381408,-2.840832191354343,-0.5061936791978069,9.62940581252992,-0.007960408123585576,-0.006623603592915888,-0.0013074191758333804
1765410070.385403,-2.840934730678788,-0.5062925630549793,9.628749500065783,-0.008016581492035976,-0.006604243458295989,-0.001318634005393653
1765410070.38837,-2.841023721691644,-0.5066551876118641,9.62780387824203,-0.008065938410790448,-0.006583744138580457,-0.0013137292624527137
1765410070.38887,-2.8411531265123715,-0.5072865171922042,9.626622328314742,-0.008109024029792723,-0.006561976665795786,-0.0012915240022925017
1765410070.393429,-2.841375260905113,-0.5081797525045646,9.625265095930944,-0.00814680550523917,-0.00653886844313592,-0.0012515309547987685
1765410070.395451,-2.841735644125534,-0.509317164985134,9.623795580997873,-0.008180547412915655,-0.006514359085305392,-0.0011940578107966764
1765410070.39839,-2.842268043643406,-0.5106715440291092,9.622276380782251,-0.008211654491943108,-0.006488383394789136,-0.0011202569932751948
1765410070.400364,-2.8429901229563006,-0.5122080620876808,9.620765206947182,-0.008241494065958139,-0.006460887841203426,-0.0010321190159871293
1765410070.403364,-2.843900202409934,-0.5138863217326135,9.619310975102016,-0.008271215434134914,-0.006431877637768453,-0.0009324088946807345
1765410070.405418,-2.844975620646202,-0.5156623543980305,9.617950529689193,-0.008301584045837909,-0.006401485929012221,-0.0008245485414554941
1765410070.408384,-2.8461730327689154,-0.5174904146324032,9.6167065297903,-0.0083328463882928,-0.006370055914565185,-0.0007124528237024691
1765410070.410379,-2.8474307766889755,-0.5193245190297238,9.615586934124597,-0.008364640527918648,-0.00633822708246234,-0.0006003328345278117
1765410070.413377,-2.848673179527615,-0.5211197556031137,9.614586212727522,-0.008395966813893372,-0.0063070128129412385,-0.0004924835548831483
1765410070.415423,-2.8498163713586537,-0.5228334249403358,9.613687983555225,-0.008425229901903267,-0.006277850481479633,-0.0003930720971406024
1765410070.416427,-2.8507749601589003,-0.5244260920162264,9.612868519199159,-0.008450354943219902,-0.0062526037564991895,-0.00030593864285452944
1765410070.420404,-2.8514688922899025,-0.5258626255376966,9.61210058803204,-0.008468968937519476,-0.006233502181622901,-0.0002344183469406137
1765410070.423396,-2.8518298948101872,-0.5271132585472593,9.611357193994172,-0.008478626477558846,-0.00622301313394791,-0.00018119059186116077
1765410070.423896,-2.8518069780831277,-0.5281546268040566,9.61061485854145,-0.008477051483506273,-0.00622365516199845,-0.00014816165919968592
1765410070.428467,-2.851370581575314,-0.5289706703505924,9.609856209360078,-0.008462365646573466,-0.006237777024752385,-0.00013638696711925795
1765410070.430493,-2.850515072738126,-0.5295532533641313,9.609071750117863,-0.008433279562131689,-0.006267335110143637,-0.00014603844907976526
1765410070.433403,-2.849259430927901,-0.5299023747416394,9.608260701231659,-0.008389230869351767,-0.00631369777187375,-0.00017642061903782693
1765410070.435448,-2.847646108799767,-0.5300258951786369,9.6074308605343,-0.008330462487278428,-0.006377493880554612,-0.0002260350155878177
1765410070.438483,-2.8457382892145473,-0.5299387803685762,9.606597648739,-0.00825804198819071,-0.0064585130647598675,-0.0002926878729451779
1765410070.440407,-2.8436159419670983,-0.5296619377482854,9.605782695411127,-0.008173829076496764,-0.0065556581726011415,-0.00037363167862515995
1765410070.441451,-2.8413711382729634,-0.5292207839870994,9.605012304314442,-0.00808040088003455,-0.006666944130731115,-0.00046572850625583174
1765410070.443412,-2.8391030462693227,-0.5286436989773805,9.604316002139832,-0.007980944349969004,-0.006789533092553794,-0.0005656215438391252
1765410070.447481,-2.8369129585107977,-0.52796049347196,9.603725245613598,-0.007879122528716155,-0.006919797246206145,-0.0006699015076767027
1765410070.450421,-2.834899578477264,-0.5272009693981866,9.603272238211584,-0.007778918362714677,-0.007053408448649979,-0.000775257140002582
1765410070.453421,-2.833154670094386,-0.526393627160011,9.602988748232955,-0.007684458627022988,-0.007185464490398259,-0.0008786029129532008
1765410070.454629,-2.8317591462032525,-0.5255645831250181,9.602904903443374,-0.007599823434248282,-0.007310668713957447,-0.0009771806442499006
1765410070.458387,-2.8307796855569456,-0.5247367720499998,9.603048024712091,-0.007528852297204652,-0.007423575418063493,-0.0010686337091729897
1765410070.460373,-2.8302659084940913,-0.5239295017740838,9.603441481308636,-0.00747496103437654,-0.007518896609541829,-0.001151053370877152
1765410070.463406,-2.830248078289741,-0.5231584071161502,9.604103439081973,-0.007440981429216328,-0.007591845159577768,-0.0012229983170558324
1765410070.465443,-2.830735373701542,-0.5224358107859275,9.605045455545287,-0.007429029080280808,-0.007638476933462954,-0.0012834912878342073
1765410070.468413,-2.831714946035814,-0.5217714291030594,9.606271095126434,-0.007440399383136634,-0.0076559944388478384,-0.0013319985427566866
1765410070.471484,-2.8331520620046406,-0.5211732919687605,9.607774898477027,-0.00747549062350519,-0.007642983551503951,-0.001368397087112402
1765410070.47343,-2.8349915805937824,-0.5206487271070467,9.609542065882671,-0.007533756076551673,-0.0075995661454270605,-0.001392932147309048
1765410070.475394,-2.8371608320017043,-0.5202052697442385,9.611549064574424,-0.007613690455045223,-0.007527459125210409,-0.0014061654387877993
1765410070.478438,-2.839573689413641,-0.5198513469912602,9.613765039733831,-0.007712857384800924,-0.007429934011193932,-0.0014089140059306458
1765410070.480488,-2.842135383796802,-0.519596560369759,9.616153609141055,-0.007827963576006352,-0.007311675842092003,-0.0014021794049758152
1765410070.483434,-2.8447475593525566,-0.5194514138405687,9.61867458085364,-0.007954982639905133,-0.007178548397498127,-0.0013870679511529488
1765410070.485441,-2.8473131534806497,-0.5194264392443494,9.621285275078863,-0.008089326559805703,-0.00703728060730808,-0.0013647059395096373
1765410070.486455,-2.8497407571076256,-0.5195308225688325,9.623941268017894,-0.008226055194791713,-0.006895092784231528,-0.0013361591135319245
1765410070.490413,-2.8519481721382087,-0.5197707635631328,9.626596528689104,-0.00836010620446983,-0.006759283510574867,-0.0013023697651477484
1765410070.493451,-2.853865017738403,-0.5201478504292392,9.629203138002211,-0.008486523983405974,-0.006636802290265516,-0.0012641236362554143
1765410070.495398,-2.855434398223421,-0.5206576980897847,9.63171092140016,-0.008600669078294161,-0.006533838126753267,-0.0012220520566895842
1765410070.498418,-2.8566137336542035,-0.5212890239176762,9.634067288098205,-0.008698396859454933,-0.006455455997656767,-0.0011766662298143
1765410070.500421,-2.8573748785498316,-0.5220232503937643,9.63621744749506,-0.008776201307500132,-0.006405309857858587,-0.0011284141077063576
1765410070.501442,-2.857703657464604,-0.5228346414419056,9.6381050668837,-0.008831324034425011,-0.006385453383723963,-0.0010777472399166469
1765410070.503442,-2.8575989367845613,-0.5236909191731172,9.639673362433541,-0.008861830797516125,-0.0063962607143517505,-0.00102518483017042
1765410070.508387,-2.8570713722778898,-0.5245542970105723,9.6408666277415,-0.008866659677559728,-0.006436461011545385,-0.0009713643782291006
1765410070.508887,-2.856142055132377,-0.5253828991560766,9.641632309454792,-0.008845646987849993,-0.006503282443721254,-0.000917072360931602
1765410070.513411,-2.854841336340984,-0.5261325716029447,9.641923785448233,-0.00879953676510529,-0.006592691184023868,-0.0008632534529231785
1765410070.51544,-2.8532080289445507,-0.5267590813226866,9.641703862141098,-0.008729975639177425,-0.00669969939443982,-0.0008110011204723248
1765410070.518456,-2.851288999467206,-0.5272206376768864,9.640948763905348,-0.008639488453353916,-0.006818707559686246,-0.0007615346698256513
1765410070.520539,-2.84913896323106,-0.5274805748400296,9.63965215817927,-0.008531425246578949,-0.006943846279711344,-0.0007161675662403162
1765410070.523484,-2.846820141949396,-0.5275099393287305,9.637828565805679,-0.00840987032720179,-0.0070692912400517356,-0.0006762693175146055
1765410070.525463,-2.844401382542992,-0.5272896772974816,9.635515418807492,-0.008279508763490706,-0.007189537112946147,-0.0006432192638948043
1765410070.528444,-2.8419564530044727,-0.5268121571471719,9.632773193479066,-0.008145451263926351,-0.007299624327539375,-0.0006183468760457781
1765410070.530492,-2.839561489825565,-0.5260818908954292,9.629683453135696,-0.008013022211562233,-0.007395314584727703,-0.0006028518067906711
1765410070.533396,-2.8372918209266955,-0.5251154623047543,9.626345079004556,-0.007887517649583663,-0.0074732116628729505,-0.0005976996716545508
1765410070.536446,-2.835218525456199,-0.5239407558425969,9.622869275884518,-0.007773942606244366,-0.00753082806400208,-0.0006034967202786173
1765410070.538456,-2.8334050901681413,-0.522595591915571,9.619374012740817,-0.007676742279902123,-0.007566602143131195,-0.0006203569752841505
1765410070.540461,-2.831904365198142,-0.5211258464718923,9.615978329092506,-0.0075995483354179124,-0.007579870376183467,-0.0006477859322312926
1765410070.541494,-2.8307558053159236,-0.519583117578664,9.612796561841174,-0.00754496555310086,-0.007570799438384267,-0.0006846106228002962
1765410070.545524,-2.829982954177187,-0.5180220287997271,9.609932427877222,-0.007514421245875424,-0.0075402884097379675,-0.0007289824085312854
1765410070.54844,-2.8295913908944454,-0.5164973128485738,9.607473190880768,-0.0075080908452043425,-0.007489858649004312,-0.0007784660401443246
1765410070.550477,-2.829567653220345,-0.5150608579330131,9.605484500554002,-0.007524902546929531,-0.007421548264240173,-0.000830210508656322
1765410070.553433,-2.829879673639953,-0.5137589189348797,9.604006597302734,-0.00756261599155039,-0.00733781817970418,-0.0008811796586331478
1765410070.555468,-2.830479023662064,-0.5126297232199803,9.603052518516972,-0.007617965610023065,-0.007241466135766012,-0.000928407951629982
1765410070.556406,-2.8313049283106286,-0.5117017196354456,9.60260881499374,-0.007686857791093052,-0.007135541262469974,-0.0009692421132279185
1765410070.558397,-2.832289634876891,-0.5109926642146685,9.602638881710812,-0.007764611506559402,-0.007023254959089698,-0.001001533818254594
1765410070.563433,-2.8333643654105605,-0.5105095924702199,9.603088334268795,-0.007846232624636854,-0.006907890144611998,-0.0010237605151449424
1765410070.565445,-2.834464997108025,-0.5102495726464513,9.603891415970715,-0.007926709974609437,-0.006792717374107792,-0.0010350667361920481
1765410070.568489,-2.835536887065404,-0.5102010484910101,9.6049774997671,-0.008001315379802742,-0.006680927384203889,-0.0010352320785133333
1765410070.570446,-2.8365385708667783,-0.5103455746870488,9.606277016619812,-0.008065883909877872,-0.006575580671456188,-0.0010245817567937326
1765410070.573472,-2.837444123434017,-0.5106597853463006,9.60772625122929,-0.008117049797417841,-0.006479561128542356,-0.0010038609095319511
1765410070.573972,-2.838243910564279,-0.5111174676366763,9.609270537462772,-0.008152419203948385,-0.006395515055393112,-0.0009740955887245345
1765410070.57843,-2.838943535758268,-0.5116915995651692,9.610865627221925,-0.008170669601216433,-0.006325764035686355,-0.0009364622341467956
1765410070.58049,-2.839560996029111,-0.5123561675488092,9.61247725916561,-0.008171573077148714,-0.006272194256285901,-0.000892183148479974
1765410070.583462,-2.840122328131077,-0.513087580248168,9.614079158449773,-0.008155947355881083,-0.006236138587562859,-0.0008424580511704103
1765410070.585481,-2.840656378319132,-0.5138655807051821,9.615649993127846,-0.008125544849318747,-0.006218276689626533,-0.000788433218174212
1765410070.588468,-2.8411896351306662,-0.5146736695554993,9.617170087295094,-0.008082894624231745,-0.006218578474852672,-0.0007312032290378454
1765410070.590503,-2.841742021434949,-0.5154991104664943,9.618618616348867,-0.00803111190409188,-0.00623630675707686,-0.0006718374383954671
1765410070.593476,-2.842324115531306,-0.516332598661398,9.619971618140998,-0.007973685913637492,-0.006270081839942444,-0.0006114225523414261
1765410070.595445,-2.8429358075359694,-0.5171676797156297,9.6212008385958,-0.007914253882534954,-0.006318000516047802,-0.0005511118450630218
1765410070.598464,-2.843566161469058,-0.5180000130304487,9.622273343651475,-0.007856369140823567,-0.006377795025671564,-0.0004921700309850405
1765410070.600469,-2.844194206666698,-0.5188265664583285,9.623151811756491,-0.007803273384478938,-0.006447012549987172,-0.0004360019551078125
1765410070.603428,-2.844790449005252,-0.519644823490466,9.623795451684986,-0.007757685750152791,-0.00652319368445861,-0.00038415452844485764
1765410070.605444,-2.8453190525708667,-0.5204521030054144,9.62416164774363,-0.007721623765495917,-0.006604028997457497,-0.00033828480153753605
1765410070.606423,-2.8457407377474024,-0.5212451067611122,9.624208531691956,-0.0076962732345513315,-0.0066874743083788855,-0.00030009173238161965
1765410070.610421,-2.8460162833268114,-0.5220197828373716,9.623898484518678,-0.007681924687262719,-0.0067718094842971815,-0.0002712142781677722
1765410070.613458,-2.846110215677433,-0.5227715287959462,9.623202237356988,-0.007677990743878158,-0.006855636622472022,-0.0002531037953992903
1765410070.616395,-2.84599412273012,-0.5234956783459084,9.622103072250514,-0.007683108542038697,-0.006937828946153399,-0.00024688415074872633
1765410070.62091,-2.84564914796566,-0.5241881220956461,9.620600620315063,-0.007695315150559642,-0.007017452187090411,-0.0002532177075764611
1765410070.62141,-2.845067462488797,-0.5248458269484669,9.6187137816514,-0.007712269247145265,-0.007093680546798856,-0.0002721983076506856
1765410070.720981,-2.844252759423084,-0.5254669995822462,9.616482386617484,-0.0077314872464408916,-0.0071657236100386105,-0.00030329170914848567
1765410070.721181,-2.843220008692015,-0.5260507208235979,9.613967427890824,-0.007750567023188873,-0.007232775121520166,-0.0003453380043899034
1765410070.721381,-2.8419947949376363,-0.5265960289141468,9.611249908700156,-0.0077673819292694395,-0.007293991002776989,-0.0003966198736815233
1765410070.721581,-2.84061253671038,-0.527100599820081,9.608428495789479,-0.007780236784538333,-0.007348500162050978,-0.00045498844502824584
1765410070.721781,-2.839117793724079,-0.5275593106123899,9.605616229817628,-0.007787982731953345,-0.007395445432860614,-0.000518028995858305
1765410070.822002,-2.8375636812850007,-0.5279630195814098,9.602936452375667,-0.007790088009973859,-0.007434044245796029,-0.0005832440206670738
1765410070.822202,-2.8360111204619405,-0.528297841406864,9.600517860349383,-0.007786659677196379,-0.007463653817102696,-0.000648231316898931
1765410070.822402,-2.834527439685844,-0.5285450958051413,9.598488463294318,-0.007778412957261794,-0.007483827789582041,-0.0007108384681921905
1765410070.822602,-2.8331839109729833,-0.5286820143890467,9.596968420840987,-0.0077665923564607465,-0.007494358517266915,-0.0007692808794071048
1765410070.822802,-2.832052117731333,-0.5286831993630342,9.596062135975943,-0.007752857557445118,-0.007495305459268196,-0.0008222167349990027
1765410070.922983,-2.8311994184904457,-0.528522734151602,9.595850316033625,-0.007739151359962209,-0.00748701228398204,-0.0008687775910592226
1765410070.923233,-2.8306840524645738,-0.5281767678853841,9.59638290418287,-0.0077275651850822955,-0.007470113798947708,-0.0009085574238724753
1765410070.923483,-2.8305505573964345,-0.5276263368240339,9.597673823059525,-0.007720212344142653,-0.007445529138569491,-0.0009415664340369468
1765410070.923733,-2.8308261013550426,-0.5268601354060201,9.599698310086522,-0.007719113018505666,-0.007414432131520661,-0.0009681590295006556
1765410071.024275,-2.8315181192631567,-0.5258769159467721,9.602393276528893,-0.007726090009250184,-0.007378189678374122,-0.0009889471061327682
1765410071.024475,-2.8326134031922336,-0.5246872079522701,9.605660692625522,-0.007742673340499082,-0.007338267408335997,-0.0010047088254440527
1765410071.024675,-2.834078593829646,-0.5233141243992885,9.609373580636849,-0.007770014836233563,-0.007296113829229076,-0.0010163006120300824
1765410071.024875,-2.8358618933196147,-0.5217931467948004,9.613383875594746,-0.007808817038224312,-0.007253042744017109,-0.0010245783824953708
1765410071.025075,-2.837895789304274,-0.5201709063756875,9.617531283683135,-0.007859280869012669,-0.007210135873023363,-0.0010303333953602537
1765410071.125512,-2.8401005973156224,-0.518503069999996,9.621652318927714,-0.00792107443680072,-0.007168182575174638,-0.0010342471215901297
1765410071.125762,-2.8423886116516517,-0.5168515076129065,9.62558884174228,-0.007993324737855327,-0.007127662912333551,-0.0010368676022030365
1765410071.126012,-2.8446686216991104,-0.515280989386511,9.629195632483052,-0.008074635390618905,-0.007088769855360338,-0.0010386074500317046
1765410071.126262,-2.8468505600621477,-0.5138557181858173,9.632346767158223,-0.008163134650869269,-0.0070514608462016685,-0.0010397615009776844
1765410071.225797,-2.8488500560642045,-0.5126360025344043,9.634940670404529,-0.008256557587433482,-0.007015526985317551,-0.0010405401085180515
1765410071.225997,-2.8505926263379915,-0.5116753048554779,9.636903670232742,-0.00835236520247148,-0.006980667604637425,-0.0010411116615621522
1765410071.226197,-2.852017224226037,-0.5110177961605988,9.63819186882441,-0.008447900392668213,-0.006946559523388151,-0.0010416452885735853
1765410071.226397,-2.8530789497352713,-0.5106964640115917,9.638791290840595,-0.008540572760738987,-0.006912913326773137,-0.0010423438381529221
1765410071.226597,-2.8537508061492067,-0.5107317873350293,9.638716445381027,-0.008628052315617972,-0.0068795112024111335,-0.001043459730192537
1765410071.328073,-2.8540244142154108,-0.5111310015108247,9.638007531955452,-0.00870844329401089,-0.0068462227205445285,-0.0010452909651481068
1765410071.328273,-2.853909627599432,-0.5118879908847538,9.636726590025493,-0.008780410082317508,-0.0068129987473081535,-0.0010481588391752117
1765410071.328473,-2.853433097112219,-0.5129838245226691,9.634952981806107,-0.00884323699267687,-0.006779848703755692,-0.0010523717734367377
1765410071.328673,-2.852635969012728,-0.5143878822063305,9.632778667063798,-0.008896817304618125,-0.00674681015606946,-0.0010581817287194223
1765410071.328873,-2.851570991087055,-0.5160594277476963,9.630303709248265,-0.008941579373120151,-0.006713921096037974,-0.0010657406898983653
1765410071.428827,-2.8502992692217233,-0.5179494349639118,9.627632281838606,-0.008978365239804676,-0.00668120323661058,-0.001075063388398623
1765410071.429077,-2.848886770932547,-0.5200025054877043,9.62486914779085,-0.009008278892347473,-0.006648658704100642,-0.0010859988405700325
1765410071.429327,-2.8474005363261568,-0.5221588183264791,9.622116347309635,-0.00903251915494276,-0.006616275334647104,-0.001098209771430534
1765410071.429577,-2.8459045833552676,-0.5243561434158834,9.619469836075302,-0.009052210266412855,-0.0065840314823518205,-0.0011111581644656769
1765410071.529687,-2.8444556985258864,-0.5265319748541448,9.617016054330145,-0.009068243890439079,-0.006551891770801544,-0.0011240972058630223
1765410071.529887,-2.843099551234171,-0.5286257928525321,9.614828701239004,-0.009081148004197272,-0.0065197903222887635,-0.001136072345318056
1765410071.530087,-2.8418676980762445,-0.5305813782456157,9.612966157129586,-0.009090997613969472,-0.006487605375543951,-0.0011459348554691674
1765410071.530287,-2.8407759751030466,-0.5323490126873969,9.61146994520712,-0.009097378472518673,-0.00645513449683471,-0.0011523706151742165
1765410071.530487,-2.839824568252648,-0.5338873437358623,9.610364415223083,-0.009099409279745365,-0.006422080409977898,-0.0011539466109555202
1765410071.630484,-2.838999842210873,-0.535164716154979,9.609657636401975,-0.009095821687334549,-0.0063880558396000545,-0.0011491775263897024
1765410071.630734,-2.83827783926905,-0.536159861208677,9.609343369071729,-0.009085091299685709,-0.006352613770015822,-0.0011366125411517375
1765410071.630984,-2.8376291361657873,-0.5368619445792885,9.609403839345411,-0.009065607221407522,-0.006315306459006485,-0.0011149376006600658
1765410071.631234,-2.837024444079146,-0.5372700598281825,9.609812847585747,-0.009035863615822244,-0.006275771466998829,-0.0010830836298060295
1765410071.731968,-2.836440120125284,-0.5373923040489462,9.610538657204346,-0.008994655097080041,-0.00623383591619415,-0.0010403293450708014
1765410071.732168,-2.835862785016924,-0.5372445822720252,9.611546231981126,-0.008941258205869143,-0.006189622254112906,-0.0009863886744647815
1765410071.732368,-2.8352924730287126,-0.5368492591836392,9.612798626525596,-0.008875582310216405,-0.006143633423124846,-0.0009214754278524306
1765410071.732568,-2.834744012931916,-0.5362337274103011,9.614257544505968,-0.008798274150360991,-0.006096796057848417,-0.0008463398847182703
1765410071.732768,-2.834246515368192,-0.535428927476375,9.615883176260354,-0.008710762183344632,-0.0060504465224340285,-0.0007622727031301066
1765410071.832689,-2.833840906927212,-0.534467867999618,9.617633416749031,-0.008615232378564349,-0.00600625343129857,-0.0006710717021975361
1765410071.832939,-2.8335755258591844,-0.533384240139368,9.619462569737044,-0.008514535978251865,-0.00596608083291885,-0.0005749680538244085
1765410071.833189,-2.833500005818664,-0.5322112410811831,9.62131975595361,-0.008412038080987656,-0.005931807781066115,-0.0004765115913094644
1765410071.833439,-2.8336579694659103,-0.5309806899941485,9.62314734728869,-0.008311420858284096,-0.005905129427813951,-0.00037842131174499965
1765410071.933439,-2.8340792630656746,-0.5297224653560015,9.624879696782761,-0.00821645782198638,-0.0058873689760776254,-0.0002834161806833507
1765410071.933639,-2.834772536334591,-0.5284642438294411,9.626442304337253,-0.008130777682244626,-0.005879328922843191,-0.00019404903408437832
1765410071.933839,-2.835719000113715,-0.52723147443306,9.627751544604187,-0.008057637719068426,-0.005881205712861041,-0.00011256715369832935
1765410071.934039,-2.836868234424883,-0.5260474808022321,9.628715240598394,-0.007999725993706358,-0.005892584373509036,-4.0815867839600585e-05
1765410071.934239,-2.8381369318372327,-0.5249335789590446,9.62923459735579,-0.0079590084649959,-0.005912517548301338,1.9808667953189813e-05
1765410072.034305,-2.839411358700739,-0.5239091420475839,9.629208142952926,-0.007936630899874359,-0.005939676793316654,6.83595008439049e-05
1765410072.034505,-2.8405539970106055,-0.5229916039417739,9.6285381662273,-0.007932877007899977,-0.0059725473252174545,0.00010429968860402636
1765410072.034705,-2.8414142701227547,-0.5221964211059572,9.627139658827225,-0.007947176044404496,-0.006009627358730586,0.0001274375359173674
1765410072.034905,-2.8418426081496624,-0.521536986905145,9.624951188312936,-0.007978148203999958,-0.006049593840849408,0.00013785437719489495
1765410072.035105,-2.841706583248533,-0.5210244383030029,9.621946683134983,-0.008023674770053627,-0.0060914059210702455,0.0001358432693439466
1765410072.134505,-2.8409075365843512,-0.5206672610424176,9.618146851685015,-0.008080980245338232,-0.006134330943379273,0.00012187208403351423
1765410072.134755,-2.8393960480676137,-0.5204706278097181,9.613628913042731,-0.008146715020649998,-0.0061778922874766795,9.657686279798107e-05
1765410072.135005,-2.837184769125809,-0.5204354925026528,9.608533525440393,-0.008217030813650002,-0.006221753289412479,6.0783918130203074e-05
1765410072.135255,-2.834357421630419,-0.5205575633407439,9.603068094208574,-0.00828764679547928,-0.00626556452246268,1.55538350268375e-05
1765410072.23468,-2.8310729632473453,-0.5208263410842868,9.59750578143231,-0.00835390955972715,-0.006308809568194749,-3.7762119992494194e-05
1765410072.23488,-2.8275640618048636,-0.5212244324165483,9.592179616975718,-0.008410853549031986,-0.006350684800987266,-9.7463464204496e-05
1765410072.23508,-2.8241293704588117,-0.5217273449181637,9.587471432991796,-0.00845327094061045,-0.006390040210445544,-0.00016145090180455672
1765410072.23528,-2.8211197398133168,-0.522303929916974,9.58379591534571,-0.008475801729788726,-0.006425391691379394,-0.00022719838314668654
1765410072.23548,-2.8189192204233833,-0.5229175562168649,9.581580605922605,-0.008473055156776866,-0.00645499681953011,-0.00029176105904679125
1765410072.335745,-2.8179222684006944,-0.5235279915945629,9.581243072136347,-0.008439772026567512,-0.006476974720563123,-0.0003518328526512088
1765410072.335945,-2.8185088886331418,-0.524093855973386,9.583166706102167,-0.008371033383561176,-0.006489449239126287,-0.0004038630311929122
1765410072.336145,-2.8210195005122944,-0.524575396038275,9.58767666546187,-0.008262514047763434,-0.006490698211408199,-0.0004442324563385891
1765410072.336345,-2.825731132335452,-0.5249372563571962,9.595017339649594,-0.008110770819698123,-0.006479294742387316,-0.00046947913744448057
1765410072.336545,-2.832836338309207,-0.5251509377255316,9.605332639378725,-0.007913547337262612,-0.00645422904332041,-0.00047655296725137496
1765410072.436255,-2.8424261290790573,-0.5251967160897272,9.618650434423543,-0.0076700720310789085,-0.00641500364786846,-0.0004630734780221595
1765410072.436505,-2.854478117319123,-0.5250648720083595,9.634872384415077,-0.007381321625588274,-0.006361699654200927,-0.0004275622379882209
1765410072.436755,-2.868850873922543,-0.5247561337144234,9.653770123849595,-0.007050219560235021,-0.006295014303575189,-0.00036962281075981536
1765410072.437005,-2.8852852104793056,-0.5242813025590318,9.674988474094487,-0.006681737226450237,-0.006216269300790513,-0.00029004612055336527
1765410072.536839,-2.903412810394564,-0.523660116658876,9.698056158918721,-0.006282866943446665,-0.006127385444434851,-0.00019082654591771872
1765410072.537039,-2.922772269588584,-0.5229194941461653,9.72240424708761,-0.005862440310333353,-0.006030815922823959,-7.508202685733908e-05
1765410072.537239,-2.9428321559446475,-0.5220913683388334,9.747392155001425,-0.005430775974243403,-0.005929432885491802,5.312056341166342e-05
1765410072.537439,-2.9630201982579925,-0.521210367152868,9.772340530386362,-0.004999158204041337,-0.005826369935015366,0.00018902449449157202
1765410072.537639,-2.9827571183421515,-0.5203115669229328,9.796569583873445,-0.004579170792195211,-0.005724831806618851,0.0003275068520802148
