time,acc_x_g,acc_y_g,acc_z_g,gyro_x_rad_s,gyro_y_rad_s,gyro_z_rad_s
0.0,-9.784791,-1.666667,2.134744,-0.008858,-0.00504,-0.002138
0.0025,-9.398431146460071,-1.1069884271275328,2.352458407294398,-0.010931106555423122,-0.0015473288676996423,-0.01010998240762813
0.005,-9.161201174398093,-0.07159303594755652,2.656498464219309,-0.017550968676996428,0.00839519794994041,-0.045958025840286056
0.0075,-9.610858319999998,0.14648391488549628,3.280157931755725,-0.15777062931297708,0.023021753587786256,-0.07190425622137404
0.01,-10.216712714503817,0.10737420671755699,3.317938646717557,-0.29963526625954195,0.019127835114503812,-0.10999995725190839
0.0125,-10.531489802290077,-0.1542433759541988,2.9368659557251915,-0.3905288118320611,-0.015944220229007607,-0.14985143702290077
0.015,-9.807685680715819,-1.0285565642376526,2.4904981605440226,-0.446542,-0.06598906213314247,-0.153785
0.0175,-9.724924698854966,-1.3149387052671755,2.9633124925954224,-0.4595996651145038,-0.067042,-0.124464
0.02,-9.215526474661583,-1.3423806565490943,2.735267533574833,-0.4886998339752145,-0.07334181193517637,-0.09005896400381316
0.0225,-9.379331888655864,-0.836839927511918,2.6513689306387036,-0.5587197644995233,-0.09093322177311727,-0.05710209269780743
0.025,-9.717747775405146,-0.7781730154432771,3.1247283239275454,-0.6006773948522403,-0.098655,-0.015882203241182058
0.0275,-9.017548268854961,-1.836647653740458,2.189852079541984,-0.6288150926717557,-0.14233017129770992,0.0322327961832061
0.03,-9.458592627621774,-0.5092568181088812,3.1216264317478477,-0.6517372571919771,-0.09909306303724934,0.07380160401146124
0.0325,-9.695582803664122,-0.853449127328245,2.5410103053435145,-0.7005799261068703,-0.08790185068702286,0.11212177526717562
0.035,-8.845714737709917,-1.5105194998473306,1.7420300235114414,-0.7508523145038168,-0.1794851792366416,0.13394832610687005
0.0375,-10.152815962977105,-0.6580268641221325,3.423961254580159,-0.7869357278625954,-0.08241823740457996,0.21611914751908376
0.04,-8.914498984632983,-1.4139048485033365,2.606016823641562,-0.773416324613918,-0.06992012202097243,0.22413597811248814
0.0425,-9.14640820594851,-2.0013940631458595,2.0415367843279233,-0.803746,-0.03573372888465241,0.266948
0.045,-9.65894152080076,-1.3843182591420373,2.209213474013351,-0.816741237102002,0.006567,0.30793835790276447
0.0475,-8.853244473060057,-0.6632023406673044,1.8137519845567194,-0.8315240613155386,-0.010243392449952338,0.3279190887321259
0.05,-8.754184,-1.104735,2.188546,-0.815658,0.08484541220209746,0.322231
0.0525,-8.47733355335878,-1.4346984119847281,1.3708966356488583,-0.7892002177862595,0.13608805847328242,0.36895063198473266
0.055,-8.947329956068703,-0.765411067862595,1.1889612989694665,-0.782627283129771,0.1824110457633588,0.35436547366412213
0.0575,-10.193542027099253,-0.5919666891221389,2.210533458702319,-0.7713824536641222,0.18725193106870275,0.38824786229007663
0.06,-8.106648391382258,-0.9647813778455664,0.28136307111533787,-0.7518427913060057,0.23179876655862736,0.3942416743183984
0.0625,-8.34585937067938,-1.2483984219308701,-0.8612838235995233,-0.7024161072705601,0.180202389749702,0.3996287830750894
0.065,-9.453011709933277,-0.945178873632029,0.8222393128693998,-0.671177059675882,0.26145,0.445321
0.0675,-9.765711950904723,-1.5122606256845272,-0.073102601761424,-0.6791116820176138,0.1597353125380314,0.4291645179183346
0.07,-9.47132925033366,-1.7766249239275334,-0.11162281395614199,-0.6619288645567201,0.20708650558627328,0.47019847519542385
0.0725,-10.169445895134269,-2.0799663445077354,-0.09367584637915305,-0.6310896275020343,0.16942154174125332,0.4897949815134257
0.075,-10.197744837786255,-1.191933809160309,0.015513204198484343,-0.6074415528625955,0.18360631469465688,0.5033303188931298
0.0775,-10.983284196221376,-2.058432582366408,1.9991409909923687,-0.5699569867175572,0.17298776274809166,0.5414716859923664
0.08,-8.8519205427264,-1.6552988289037225,-1.0736474738989614,-0.5520091022688274,0.1463036174642515,0.542339752297426
0.0825,-11.501612298625957,-0.6198789609160436,2.013737733740459,-0.5143174305343512,0.13989061648854917,0.5348353758778633
0.085,-11.130644138722586,-0.9137681034890495,0.862300228713085,-0.47335014463298347,0.13265955164918972,0.5373215810867495
0.08750000000000001,-10.289715643129792,0.004696935305348607,-0.02578941870227397,-0.442880226717557,0.11984322709923628,0.46844481335877897
0.09,-10.90173058732824,-0.5092885520610806,-0.6196325337404547,-0.43249893053435107,0.08995392366412251,0.4075587546564893
0.0925,-9.660101806564887,-1.0554247403816783,-1.5707336723282408,-0.42090574503816797,0.09775753389312977,0.40308203687022903
0.095,-9.648301173384175,-0.42492748144899484,-2.390900943183985,-0.3836616988751192,0.03418218326024782,0.3304631577502383
0.0975,-10.12130774722592,-0.5257074157864674,-0.7550327161105909,-0.3812224486939943,0.08743957918017135,0.31063263660629176
0.1,-9.883732256488557,-0.7386292221373999,-1.1075941146946484,-0.35358725248091577,0.10838434160305334,0.23859125248091576
0.10250000000000001,-10.857244777512813,-0.494097058335063,-0.1343054207605507,-0.35813233072970224,0.1101944576361759,0.19698258721479955
0.105,-9.917850746755727,-0.9186632217939027,-0.8249569845419807,-0.35336088610687016,0.1150566537786259,0.12476398694656538
0.1075,-10.349516806577602,-0.20655476509763493,-0.5649583037615572,-0.35740973562178824,0.12184652102774914,0.06493265837615628
0.11,-10.349220819332697,-0.679602785967588,-0.5231064885033375,-0.35027930493803616,0.126602,0.0036501882936129534
0.1125,-10.187583098843925,-1.4997047942196493,-0.18987414450867865,-0.32436879364161847,0.1351337578034683,-0.026932628901734177
0.115,-9.569335426577707,-1.6183337866920815,-0.6253039869589998,-0.26642862547187773,0.1537592143374638,-0.04735105490943746
0.11750000000000001,-11.020165653698637,-2.221564582867575,0.16620846045663726,-0.17743208233789914,0.13499395850228327,-0.04779697925114163
0.12,-11.151994773816796,-2.0413834154961847,0.10311111694656765,-0.06290066389312994,0.09903695190839708,-0.03594909656488564
0.1225,-11.047861402363806,-1.7161068047645445,0.17206293872576098,0.0009949318928900832,0.030125572520775724,0.001084894293628822
0.125,-9.664646290076336,-0.2828869580152672,0.06348050000000001,0.019932580152671756,-0.018923690839694658,0.014892477099236643
0.1275,-9.874564602050059,0.2276624430512451,0.3805878081525619,0.000377844004767572,-0.0032390521573300622,0.014469208200238266
0.13,-9.92574985129917,0.22174102545888086,0.318080127199051,-0.013996558379022738,0.0018229703456497143,-0.010695230131108562
0.1325,-9.883455327500002,-0.20128801375000036,0.15291202250000507,-0.02213355250000001,-0.005056590000000031,-0.011270657500000027
0.135,-9.91999437711562,-0.3941089604767551,0.3445597222407716,-0.012854704839094119,-0.008435096734207335,-0.0034145725387367404
0.1375,-9.885375805152227,-0.2896352379391367,0.35474363793911023,-0.0039527920374709926,-0.007990882903981663,0.0006621559718967556
0.14,-9.867709842052504,0.06508843303102538,0.26176493847255283,-0.003052840334128858,-0.005299250071599423,0.004645033460620372
0.14250000000000002,-9.993055751227644,0.13674413072705444,0.40440778116804094,-0.011249322812872302,-0.009642367103694767,-0.001222
0.145,-9.87469353077473,-0.05273355318236252,0.29840244762812207,-0.010843,-0.009040385077473036,-0.0056504723241953565
0.1475,-9.849435238918918,-0.09388657366093306,0.20603850771498616,-0.007334240393120388,-0.004068335036854943,0.0009033065356265479
0.15,-9.947352788544151,0.012497431026253449,0.3509685226730277,-0.007000952267303166,-0.010273625775656294,0.0017395933174224386
0.1525,-9.957332381740168,-0.03245710479141856,0.365781599952326,-0.009470924481525603,-0.00832752362336118,-0.0011690503456495982
0.155,-9.888806504366064,-0.06031852537654907,0.308105484537655,-0.008231373803622504,-0.007682120381315534,-0.0019087145471877944
0.1575,-9.879548030607866,-0.0934556710846247,0.2563813640047673,-0.007895516996424323,-0.006052021168057227,0.0006812045292014286
0.16,-9.931713276038186,-0.031030665823389973,0.34512285202863985,-0.0084121976133651,-0.007363626634844877,0.0010568668257756179
0.1625,-10.009527092252682,-0.01325972324195451,0.36668344934445507,-0.008417351847437391,-0.008666013587604361,-0.0028836481525626083
0.165,-9.931252,-0.246294,0.52726,-0.01909,-0.00863565792610305,-0.003054
0.1675,-9.919817547461257,-0.1510909046483753,0.37589471280093534,-0.008425245578069375,0.009653252586411976,-0.006517046340882254
0.17,-10.030980541605233,-0.15174214854662532,0.4246125320607731,-0.009414885553145607,0.00672,-0.004913818047723954
0.17250000000000001,-10.046935787222887,-0.019039853206190782,0.3131186923957157,-0.008266416066746357,0.0031509482717519423,-0.0031722421454115674
0.17500000000000002,-10.070995996420038,-0.056228319570403036,0.4492881692123895,-0.009349557279236302,-0.005498,-0.0015606673031026508
0.1775,-9.94339485941303,-0.0554742706657124,0.32689539172512594,-0.008894669863994264,-0.006554685039370116,0.002113524867573343
0.18,-9.911011249507816,-0.02749050417162128,0.31072424307447133,-0.010029381332516086,-0.005258191654305853,0.0017547116886300989
0.1825,-9.907708062782325,-0.010003259290780143,0.32010940423349693,-0.010526786666666668,-0.006334226208401521,2.9673562465906992e-05
0.185,-9.924714454268003,-0.0015434185407726016,0.30584431490701025,-0.00842390048640917,-0.008443562041010978,-0.001985
0.1875,-9.91535961167984,-0.0027309193231846397,0.3013869489205962,-0.0074090232323768095,-0.0066390345833554345,-0.0011410345833554338
0.19,-9.899088116788711,-0.007184495608806679,0.31872670244495804,-0.007858966505291326,-0.005290391353849892,-1.7949899039043855e-05
0.1925,-9.85347967940902,0.006573793794712214,0.2764513994276826,-0.007570196954898913,-0.00434532144012443,0.0013528680279937765
0.195,-9.837440884407092,-0.03486747945199183,0.21838171551922658,-0.008439308358277695,-0.010996,-0.0001398814367948462
0.1975,-9.897285040228232,-0.06791835330687174,0.3114862702257508,-0.009291738858843952,-0.009408020431654656,-0.001433753713718683
0.2,-9.920781468015738,-0.048571987858347224,0.37053260191118614,-0.008285901742551997,-0.005774187858347381,-0.003240419111860608
0.2025,-9.900247804674715,-0.007967452612823545,0.3453214648036566,-0.008552,-0.005585426500996378,-0.005192
0.20500000000000002,-9.858797163217321,0.017185552625501192,0.26528612501363247,-0.008743181761026467,-0.006592267207698475,-0.002514620490777833
0.20750000000000002,-9.89264284298602,-0.009845381091793916,0.30508912906504715,-0.007993352744072925,-0.006414,0.001461280228571434
0.21,-9.970109,-0.050215,0.411286,-0.006414,-0.0046088134123989325,0.001833
0.2125,-9.96697580246017,-0.044784054381443346,0.41441919753983125,-0.007214508036551072,-0.002138,-8.807952202435215e-05
0.215,-9.908436198459215,-0.02427952244712994,0.3522053898791543,-0.008199180604229608,-0.0029596460725075505,-0.0018950460422960773
0.2175,-9.819311475699365,-0.010040140031789282,0.2515797516802906,-0.007543833828337875,-0.0036375221934604914,0.0007322700499545866
0.22,-9.826776640830671,-0.022879347031948893,0.2930793277348243,-0.007572699549520767,-0.00031123254313098836,0.0004108375814696481
0.2225,-9.881349092025458,-0.045887323863166296,0.37034625862848053,-0.007750517037390614,0.0019458383739061197,-0.0007254196658711236
0.225,-9.912103992297508,-0.061534299819472824,0.38568766111445396,-0.00823992872788542,-0.0019788009868816877,-0.0021215551329883285
0.2275,-9.844691233349138,-0.05207954172277544,0.29809254307570726,-0.00681246940414099,0.000153,-0.002194431528370467
0.23,-9.798889761931166,-0.056848471625238844,0.2848749231548755,-0.008701756902485654,5.531609942638241e-05,0.000109760057361369
0.2325,-9.785235149830726,-0.02047765553497272,0.2672913530245931,-0.007558115132545512,-0.0014662063877355614,-0.0005223088214627803
0.23500000000000001,-9.837139198091549,9.219017679807252e-05,0.33336646376362344,-0.007202500963913774,-0.003078228365221556,0.0010806141826107782
0.23750000000000002,-9.849426177068352,-0.03173105885420803,0.34316311821414425,-0.006414,0.0021171555748715856,-0.0015169443540102693
0.24,-9.818490006054054,-0.06215589124324317,0.2788320378378382,-0.006804209405405394,0.0016122094054053934,-0.0012424579459459407
0.2425,-9.769248,-0.076518,0.197274,-0.009163,0.00338018666059226,-0.002291
0.245,-9.783494156514973,-0.07272420558537548,0.2142300281706204,-0.00919265925580189,0.0015566592558018918,-0.002320659255801892
0.2475,-10.017338626357738,0.006086940667284459,0.49038354674698786,-0.00626308735866544,0.002100999240037071,-0.0013592836144578353
0.25,-9.946751458636822,-0.0032971452004500502,0.39440250529993487,-0.005789708177888316,0.004614379345058329,0.0007060312666548231
0.2525,-9.862297735599649,-0.04078372624113483,0.2833338386867479,-0.006483199132998646,0.0058267400749063645,0.0018001167519324241
0.255,-9.799283707398432,-0.1136128082679971,0.2081032447897365,-0.00746168749821811,0.003157361596578753,0.0008672454739843125
0.2575,-9.874282137563352,-0.07679568364522399,0.3215818739961016,-0.009677765087719298,0.0014211514230019582,-0.0019461591617933734
0.26,-9.907050473212236,-0.02907098258708804,0.35920949062514734,-0.009326541498781156,0.005099584373673051,-0.0018182073948258216
0.2625,-9.822188792930122,-0.005437290733998799,0.2884308720845559,-0.0077623913329418525,0.007885808737522019,-0.0008195456723429159
0.265,-9.742697613999514,0.0015238990540868734,0.20135010657288385,-0.00592154325491147,0.0066012282221683104,0.00046529147707979966
0.2675,-9.794750399615198,0.002545170248416856,0.23492084609839325,-0.005651,0.004827765226497807,0.000916
0.27,-9.934107191910643,-0.009654298884606375,0.3459203062628813,-0.00532329189648391,0.0066993907464800075,0.0007851741209785241
0.2725,-10.026455011179442,-0.06658564666360847,0.42974827447452973,-0.006808588031207026,0.008411462028453396,4.5478715006869196e-05
0.275,-9.970884741711899,-0.07661854160453319,0.37491239048016645,-0.008250145839546683,0.007753108285117802,-0.002879575794810644
0.2775,-9.895140677636872,-0.049039620870378324,0.27021473022461195,-0.009022723547028549,0.007483,-0.0031722939307439716
0.28,-9.85533,0.008791356189233717,0.15499880795106016,-0.0083168465513866,0.005610200512234868,-0.0002218869526916886
0.28250000000000003,-9.896699408298902,0.03982182385814939,0.20632133303886885,-0.007693964787461441,0.003371547705216514,-0.000998773852608257
0.28500000000000003,-10.020914387881376,0.038311109304862444,0.3989629558529071,-0.009624631354685591,0.005168703487544536,-0.0015021079478054356
0.28750000000000003,-9.999943369230767,-0.06504986153846329,0.36015130769230397,-0.007863492307692366,0.009391200000000058,-0.0008456769230769472
0.29,-10.005069372973104,-0.08731554798588287,0.3435814687014724,-0.007374961718388716,0.009329458011439704,-0.0014105324181574754
0.2925,-10.032345015184665,-0.06038872316035604,0.34360369899953286,-0.00691364968676951,0.00955129937353902,0.000863106872370208
0.295,-10.027729532972769,-0.019248156221634102,0.31279116363464465,-0.006343099784417554,0.007659975363086248,-0.0005706726172465806
0.2975,-10.020024839236006,0.01512849975416019,0.28374860266641466,-0.005586114368381245,0.005313171853252661,-0.0030691706505294875
0.3,-9.954754779566935,0.028430121473860908,0.3100564529249913,-0.007789,0.006350555832037322,-0.001374
0.3025,-9.871965990995925,-0.03490085460893637,0.22787799412443321,-0.006843965364915799,0.006124169810043844,-0.0006656106990694534
0.305,-9.794366888095475,-0.041327338896071646,0.1262427194032819,-0.004519191069119828,0.00433543767279959,0.001263070651417209
0.3075,-9.84924423789767,-0.033957185011223766,0.16387449540676507,-0.00852203689759269,0.0075991566560879315,-4.6665438501414746e-06
0.31,-9.928022466862464,-0.04101111531518624,0.25180223277936953,-0.00995524895415473,0.007572032163323786,-0.0009314030229226359
0.3125,-10.003703121065765,-0.035284819930773564,0.3538241195363439,-0.007664606053288256,0.0046753431538275785,-0.0012506060532882558
0.315,-9.982734686641907,-0.004029846114771751,0.3634090365256976,-0.00791246972085779,0.006234795514556131,-0.0019072318916976165
0.3175,-9.869380014285715,0.024554830722523006,0.17709820703224274,-0.006064833612614736,0.007850179350435395,-0.0023297817604142146
0.32,-9.9492771947268,0.018577821578490767,0.2484696974848228,-0.006591577519514309,0.005382276738941881,-0.0005279713096270511
0.3225,-10.121782497323366,-0.03309038204967468,0.43670986311068277,-0.00613685447793586,0.002893636238244516,0.0007845648131179033
0.325,-10.168887099857649,-0.09170548906287079,0.5049103548279941,-0.006576520094899163,0.0034495868801898027,-0.0024167088256227673
0.3275,-9.991614599806406,-0.09022207957593885,0.23891535809172482,-0.006302030647614673,0.003694487812860098,-0.0016049034477990417
0.33,-9.851161495061568,-0.016639960900841945,0.12579418821451754,-0.007789,0.0015207853888528655,-0.002596
0.3325,-9.907701250041724,0.0699359335701519,0.24532821531529578,-0.008824728582667805,0.000861012735725391,-0.002650624775300991
0.335,-10.033278985199424,0.0895639770879382,0.3860453997308986,-0.010565619798173952,0.003512,-0.0017523271696299693
0.3375,-10.010015136052473,0.03250925555157928,0.3448681534406667,-0.010497455336911155,0.0043006621824687175,-0.000305
0.34,-9.876235794655381,-0.11161253097675511,0.20161092100631858,-0.01039926377137556,0.0016952637713755598,0.0003104070627789557
0.3425,-9.870421853759202,-0.12687404984986395,0.2143286507889399,-0.009099712737812286,0.00039571273781228685,-0.0010821427117268711
0.34500000000000003,-9.880729769613563,-0.10389675697498467,0.22790718403058272,-0.008767223548574761,6.28219961771886e-05,-0.0025686439923543773
0.34750000000000003,-9.897501966991813,-0.021971639344961214,0.24398228402990413,-0.009077847034531851,-0.00010345889640444271,-0.0039031529654681477
0.35000000000000003,-9.894025379204228,0.09954439375194242,0.23826307575380792,-0.007488808828100733,0.0026767797948399046,-0.001855117065589043
0.3525,-9.918381058458191,0.07129037164438941,0.24118601802300277,-0.008857792104445124,0.0020542183525023364,-0.000735484314578809
0.355,-9.959384306604296,0.036768228792363016,0.29203964694224305,-0.009281812463961812,0.0013737556047732744,0.0005438693231503487
0.3575,-10.002470019161814,0.001461999178997822,0.3488889830911691,-0.009587626275894986,0.0006860499131264961,0.0018432026386634762
0.36,-10.014656253250331,-0.08088565323788022,0.36300747324254906,-0.012925727099836592,-0.0005285906497548889,-0.000458
0.3625,-9.965668392684826,-0.05180565509727704,0.33463494879377514,-0.010665793618677073,-0.0008662494941634039,-0.0031213892607003433
0.365,-9.901880626543656,0.03356622583453905,0.26916325496140875,-0.008210135684997594,0.0015438263579353481,-0.0035038325470332886
0.3675,-9.85515106701422,0.08032415114691947,0.156752569497631,-0.0090875050805687,0.003818,0.00012962325118480791
0.37,-9.90031840763819,0.02190883875376895,0.2440315783694943,-0.009774,0.0008200348448123029,0.002525074376588824
0.3725,-10.007874486581025,-0.0731349700223923,0.38633997170064804,-0.009553777885680613,-0.0005361807000589306,0.003169770564525635
0.375,-10.092877711067581,-0.17099444000979433,0.4392931550767221,-0.008973886222657525,0.002104806235716618,0.0003362737512242896
0.3775,-9.984073596995058,-0.15952252359789987,0.30505254249845565,-0.009170745546633725,0.002855103353922173,-0.0027925633878937628
0.38,-9.807707291304775,-0.07453732348592375,0.10135844608567939,-0.010228041361077104,0.001374,-0.004018812998776014
0.3825,-9.777617,0.07054,0.125538,-0.007483,0.001147669760302277,-0.005803
0.385,-9.878108569076526,0.08261830387718345,0.26612961876713503,-0.008346948266624899,0.0008872479987467699,-0.002717355021539885
0.3875,-10.018455264667,0.08540172372154126,0.454705747516524,-0.00977395021452592,0.0012728965405280077,0.0017989616249855045
0.39,-9.989864332883924,0.030643610485871928,0.3863786855243319,-0.010331250666769745,0.0020158287070465037,0.0016749369425225148
0.3925,-9.961273401100847,-0.0241145027497974,0.3180516235321398,-0.010888551119013571,0.002758760873565,0.0015509122600595253
0.395,-9.843973,-0.151243,0.28814,-0.008094,0.000816964848679988,-0.000305
0.3975,-9.876788324985837,-0.09295683684607974,0.31486084122757385,-0.00861287412653448,0.0024574277998111508,-0.001582449801699749
0.4,-9.9499890018312,0.07065576142739749,0.38056353621316974,-0.01003963176429158,0.0035768479868529355,-0.004837169573893619
0.4025,-9.833051704118295,0.03267754409874027,0.3211632859880241,-0.010575158215813299,0.0057838255651961636,0.00018905580349513852
0.405,-9.903914858364702,-0.07107006620907907,0.3816157279582487,-0.010485442732879933,0.005857855378775874,0.0033493206452632988
0.40750000000000003,-9.976130560801503,-0.15578916231684461,0.42072314060738786,-0.00897395666875393,0.003892471527864732,0.0012196151346274091
0.41000000000000003,-10.001062790438882,-0.1870482052956099,0.3388861251940516,-0.010215006659412402,0.0029355935437069543,-0.00037346915729660974
0.41250000000000003,-9.933309386035262,-0.08701252654080076,0.3223861086128872,-0.009519202371664821,0.004429,-0.0027351989545951272
0.41500000000000004,-9.811332718605142,0.006843862476686274,0.2577061909658583,-0.007650091551374558,0.004567908448625441,-0.004412334736842074
0.4175,-9.75185615452437,0.11207136804800834,0.2505886975589977,-0.00583202692725652,0.006385973072743479,-0.0022048063157894893
0.42,-9.694401008858131,0.059965817162631024,0.22214660733564015,-0.004889813287197204,0.01180894145328723,0.002982038754325255
0.4225,-9.800685932239846,-0.09831772519987281,0.2447458380393397,-0.007048392664974635,0.009103266437182723,0.003123898803934017
0.425,-9.919352661230329,-0.18434952436814342,0.320882825274201,-0.00521703977110154,0.012065,0.0004089204577969205
0.4275,-9.828219569592042,-0.16097734748928538,0.23053513958410535,-0.005956,0.011299264941002172,-0.001069
0.43,-9.718598272525535,-0.08023953787836646,0.12550006645775327,-0.0066309471402042535,0.01100570647168058,-0.0017439471402042532
0.4325,-9.617189532891238,0.11139492145763241,0.08246038758289265,-0.011525510603876342,0.014355,-0.005134677773506336
0.435,-9.69897729630784,0.1687737560249342,0.19355971358906723,-0.011809908165907455,0.014287085394389835,0.00010210097818268436
0.4375,-9.805383593860268,0.0014286704304869377,0.3199774683603858,-0.012327529992942838,0.014461361326746648,0.003919264878852035
0.44,-9.820659,-0.102822,0.350909,-0.012523,0.01579273052906597,0.002749
0.4425,-9.818843824689877,-0.12052128782107457,0.2925914636615169,-0.012464923500115287,0.013911194853585416,0.0002562655245561306
0.445,-9.833175064199937,-0.06466368687959072,0.23040902621207301,-0.011560993628233786,0.011748025461513899,-0.004191324854679018
0.4475,-9.90059218791721,0.08264670257125989,0.3310356515292733,-0.01027403509875813,0.015445826639858098,-0.0029618252536960164
0.45,-9.99502843338438,0.05912567518336363,0.46056978502458323,-0.009577412766986374,0.01786171080841459,0.0009684387039574509
0.4525,-9.984673161564297,-0.07740593318144526,0.4599332820434518,-0.009313356284204353,0.015597448939518492,0.0017393301655901283
0.455,-9.902713882130177,-0.15491398721893498,0.32910477917159714,-0.009852098461538459,0.015402348402366869,0.0008420984615384587
0.4575,-9.861030504554455,-0.16393793584158406,0.2573358716831681,-0.009444161584158416,0.015498860198019786,0.0003861710891089079
0.46,-9.85643638355747,-0.06861820721029306,0.26178376312828106,-0.009660874544587536,0.012886658330948927,-0.0006210453791130736
0.4625,-10.02754745459865,0.04415699229746275,0.35588896148731375,-0.009775544358742482,0.012520455641257517,-0.0014499880738337153
0.465,-10.100825920439878,0.042885733602415585,0.4055709959299083,-0.009052596224773373,0.013281246453172251,-0.0010926748858005608
0.4675,-9.927014808419829,-0.05947419468489369,0.24495041376737423,-0.005937402808155694,0.01637872676088971,0.0014128844717330663
0.47000000000000003,-9.869473382106825,0.0007681616122646485,0.2104946548021762,-0.009494575909990095,0.01281944022255191,-0.002469575909990095
0.47250000000000003,-9.923725003392681,-0.03694928651170505,0.22237842970491278,-0.008306587357401897,0.011301286790306609,-0.0012815873574018974
0.47500000000000003,-9.977976624678536,-0.07466673463567476,0.23426220460764935,-0.0071185988048136995,0.009783133358061306,-9.359880481369992e-05
0.47750000000000004,-9.984733707738172,-0.08334550469647686,0.19943637695110464,-0.005291179557859882,0.01266147725786713,-0.001931179557859882
0.48,-9.889642822666667,0.03532982977777766,0.1557648653333333,-0.0062164982222222154,0.01677127466666664,-0.002641360888888896
0.4825,-9.78284368723254,0.03230593205737156,0.1768146352880316,-0.0076424375264519005,0.01820113707030334,-0.0013303172442981556
0.485,-9.903262814629034,-0.006532130394188616,0.2511613798261273,-0.009600601895915228,0.014369018787662278,0.0005422786900083404
0.4875,-10.089487729763427,0.0292200625319692,0.4234956371163678,-0.007543300959079275,0.013064511157288987,-0.00022205971867007333
0.49,-10.166199482266947,0.051262299646869985,0.4957690334658608,-0.009276887561427331,0.016605753500432138,-0.0010489102654648672
0.4925,-10.033232521783601,0.04188939142924796,0.3306164593828428,-0.01028362489779812,0.01864807898350565,-0.0021076678052245274
0.495,-9.950988979380067,-0.007052580753456918,0.2482371720171682,-0.01093117236051502,0.013107730281354365,-0.0006830105293276381
0.4975,-9.920361885714286,-0.031761268571428566,0.2292426369747899,-0.009911548907563026,0.009680943193277312,0.0003786900840336137
0.5,-9.927054228802474,-0.032768372458080626,0.2690888853609228,-0.009301160185515519,0.008910728980853848,-0.00022687132833868468
0.5025000000000001,-10.021594980569333,-0.0038166745522683976,0.3893937164691806,-0.013129780119607765,0.01150309887568777,-0.002043853530021488
0.505,-9.990384122907509,-0.011774536713819592,0.3345650526050049,-0.01573558370402611,0.012798339038084878,-0.0005956695190424396
0.5075000000000001,-9.79804674994587,-0.1167543129161038,0.07093507189444906,-0.01190651546008111,0.014724953010825447,-0.0011428625710419081
0.51,-9.703026620247273,-0.14156947034181785,-0.019090629372120742,-0.00822856048484846,0.014670297755151506,-0.00013855336727274181
0.5125,-9.865923510357987,0.0015651884486827805,0.2969757968496295,-0.004590638090692056,0.01381283284009541,-0.006963025107398344
0.515,-9.95669238730703,0.10066870961375991,0.38729499008034296,-0.006117728636553004,0.015280728636553005,-0.007325635681723498
0.5175,-9.958064586306309,0.15394251133238526,0.364063598558561,-0.007267885500237067,0.01715980715979132,-0.005252409786628815
0.52,-9.739924328946106,0.1185656772150678,0.16734502994754039,-0.008892022603719659,0.01993961098712447,1.4366714353887598e-05
0.5225,-9.679362412408947,0.047218202333007005,0.09592699633001023,-0.011131803087255233,0.018117248792684847,0.0010641419868781248
0.525,-9.72679780163399,-0.01706715457516447,0.10005160261438314,-0.012485654248365988,0.015822858496731977,0.0012565313725489838
0.5275,-9.999580290240639,-0.09673252088286868,0.3886454929689254,-0.009671325478884496,0.01399350325737044,-0.0007793602900398707
0.53,-9.978763701391163,-0.07930510453339422,0.31014416431422315,-0.007672692559695514,0.020166331955242877,0.0009411271380781684
0.5325,-9.93280162119979,-0.014910759812207356,0.37891317506520356,-0.011318999916536237,0.021036169118414307,-0.0010001949087115596
0.535,-9.89691703853877,-0.023197973072946774,0.2926230886892576,-0.009932080335439382,0.01779113881217688,0.00016609277426767489
0.5375,-9.887410764936336,-0.01401136611165595,0.21558323114593508,-0.008975731047992154,0.015306862683643507,0.0001379251714006144
0.54,-9.972707496783896,0.056246945428085976,0.26197413633762134,-0.010436150191608132,0.013865520543293808,-0.0025082670288624647
0.5425,-10.018581756178286,0.006024938962286473,0.39962709139200037,-0.013130838720000029,0.01710183872000003,-0.0020552435657142805
0.545,-10.001324840740962,0.0036546212417091677,0.3231994638135631,-0.013778506332835396,0.018003990673438924,-0.004428914708096844
0.5475,-9.985114613951353,0.047332015566773085,0.25929873461220754,-0.014393701679669578,0.019464007728315733,-0.004872028361633802
0.55,-9.951849200098215,0.08706381548534844,0.27399114905876687,-0.013656000556555891,0.01949635013913895,-0.0012066997217220076
0.5525,-9.930547490995194,0.0032515424733330564,0.3146196857203142,-0.014336094704020618,0.018479,0.0010105481092486158
0.555,-10.019777415459226,-0.09722160925619941,0.39002563001403723,-0.015347582304693557,0.017278122516762775,0.0019252509402775586
0.5575,-10.025496505248936,-0.1706251480760568,0.4185528607305486,-0.014307847040280208,0.017075505223917927,0.0006458222116587523
0.56,-9.81656891352304,-0.1899837718771796,0.14373984309057186,-0.012795676812400078,0.020311,-0.002289866970360317
0.5625,-9.686402312962196,-0.09801454374963026,-0.03315330899840266,-0.00872246494705082,0.020311,-0.0035212598355321536
0.5650000000000001,-10.054605368398516,0.13750856425920605,0.48160427711104725,-0.004828512566371753,0.017811601838424236,-0.0024550949928632635
0.5675,-10.064745394661719,0.12259661419735463,0.46370993703682556,-0.007952588554572277,0.01903089946141403,-0.002607756642877534
0.5700000000000001,-10.054586924709369,0.101262337877811,0.41851090333414825,-0.011435526158793173,0.020188582661390068,-0.0027638398268612467
0.5725,-9.854574074095826,0.024319545907264217,0.14654550348995357,-0.015486455777434294,0.02008826359505409,-0.0019248884976815958
0.5750000000000001,-9.82431074973773,-0.03136509527898333,0.14321904969003832,-0.010996,0.01681093981878793,-0.0001532496900338489
0.5775,-9.96599364646936,-0.07554702604227978,0.2196045315151194,-0.010623156551244312,0.013946042331281784,-0.0018471337029702935
0.58,-10.072541596867964,-0.055531838843034795,0.29021937088708416,-0.010401890068982178,0.016223341077090444,-0.0015788025220863442
0.5825,-10.06245390530697,-0.09432437306971952,0.36823704453693956,-0.01214735513007285,0.022992421436004114,-0.0033747375234130864
0.585,-9.903225660211708,-0.10561615144186119,0.19456795284362738,-0.012096545719326406,0.019395,-0.000978409289494804
0.5875,-9.867726164519935,-0.05414170049539939,0.07448973003066803,-0.01045651516867184,0.01975457806086342,-0.0003686997405048428
0.59,-9.951435202363701,-0.006978830463352615,0.14527517317606953,-0.008817266929835098,0.021020210595739542,-0.0009287122734384643
0.5925,-10.019474979526295,-0.014177313737397725,0.37542103563706897,-0.00949060662698893,0.023681577927851395,-0.0006872647686141575
0.595,-9.82879163679466,0.02651620968280436,0.19462036407345829,-0.009587612086811333,0.02401441489148587,-0.0033162165609348796
0.5975,-9.710805242856916,0.06775700726664095,0.07079727911359282,-0.011673194531685966,0.020159,-0.0031420856277400945
0.6,-9.774440413744408,0.1153164721581562,0.216449289432806,-0.013978587997175827,0.020159,0.0001462160037655651
0.6025,-9.979776349962366,-0.05706074021610129,0.39741203790700713,-0.012931369469467068,0.01937300921694788,0.0013925147456597836
0.605,-10.012760798681905,-0.16067866314965573,0.3853489467814665,-0.013392272680025054,0.02048061635879771,-0.0005945331465247276
0.6075,-9.765379945222211,-0.1577159134444449,0.07461333702776726,-0.012569913111111105,0.02408177825000001,-0.0010104434999999882
0.61,-9.692482599557554,-0.09889195345569506,0.03027045700741438,-0.010823674352740986,0.02022138537741585,-0.0008314509006928412
0.6125,-9.704685,-0.04902,0.061573,-0.009468,0.01691459136197083,-0.000764
0.615,-9.75354567387361,-0.03723014917510906,0.11438395603472995,-0.009421439980704296,0.017660641070911667,-0.0008726739315002365
0.6175,-10.06329232365204,0.014751233184755644,0.41444809647734315,-0.00967694317757014,0.029322,-0.00011015442127953871
0.62,-9.849951,-0.076518,0.123147,-0.010843,0.026883215402626177,0.002902
0.6225,-9.871323811603494,-0.06054211133803541,0.1555307045079541,-0.01095314865478896,0.02154583862250375,0.0006405217170870024
0.625,-9.946126449703192,-0.0665624408791914,0.31393516252206,-0.011148,0.02147632472324723,-0.0030448025028076368
0.6275000000000001,-9.928507781372026,-0.06798291144158908,0.3608628758886949,-0.010568780220676376,0.028858478215399597,-0.0022485439961621224
0.63,-9.742047486350542,0.03898022788756531,0.13185483726543618,-0.010568317707700696,0.032334771891302655,-0.0022481425274468603
0.6325000000000001,-9.68897131994144,0.08953473411420283,0.09905698133724355,-0.012297194768179634,0.0293874156954611,-0.002228840019521645
0.635,-9.830922240890091,0.04069898242072592,0.2494826666740843,-0.012153897210522128,0.025681794421044256,0.0015268872224429952
0.6375000000000001,-9.978881853376508,-0.07527738663274974,0.3758811542090729,-0.010218280249768664,0.026143674468085354,0.002067636216465998
0.64,-9.9161784600804,-0.08916614580988301,0.20448141096666483,-0.011451420886882306,0.027336,-0.00015556225616921321
0.6425,-9.88826593635228,-0.06978217856391891,0.251778550450862,-0.01135219883975509,0.027336,-0.0002541357931844872
0.645,-9.821521575884983,-0.019554315990414746,0.21705688585303426,-0.009691324067092628,0.02746003949520767,-0.0004910592428115044
0.6475,-9.770045419737949,0.027758722700047367,0.1671103220402415,-0.008144993500233932,0.027152861605053837,-0.00043778915769772305
0.65,-9.86165738740285,0.0058529099417098315,0.28482103252914603,-0.010729012580958569,0.026267,-0.0007704109941710017
0.6525,-9.939863931304346,-0.010605501956521093,0.34684416775362376,-0.011958156521739148,0.02637927637681159,-0.001913447246376821
0.655,-9.95891513836453,-0.056452062817733795,0.2849830691756954,-0.010765448240831975,0.026604421070607537,-0.0015990436956760182
0.6575,-9.766636590167069,-0.046908239140811235,0.022348476945111412,-0.011773322291169435,0.027146015560859105,-0.003990627494033465
0.66,-9.622583707321555,-0.06617049527915217,-0.025003703660773785,-0.011891782685512352,0.031491742770318035,-0.001316747250883387
0.6625,-9.785283076159997,0.042167199359997465,0.30156537599999667,-0.012450903466666639,0.030530557511111146,-0.005214249422222135
0.665,-9.894981507851602,0.11127929386033034,0.3610259071047529,-0.011888686905916572,0.03162200696168771,-0.0030839114354994615
0.6675,-9.87369235100815,0.08882802500582188,0.25422080051688284,-0.009605873206053587,0.03426204756228169,0.0006842884377182504
0.67,-9.799295596331335,-0.033970941599040905,0.15075539104602148,-0.008960533503001264,0.03427939735574222,0.002284041389355732
0.6725,-9.974122553777566,-0.0956989067393881,0.3615402225563183,-0.01114161095565569,0.02989498692909653,-0.00024370564856529336
0.675,-10.066097359705786,-0.08949167029101322,0.41271496424687915,-0.008946872657499159,0.028818857755036797,-0.0033777511352734092
0.6775,-9.970109,-0.068747,0.299498,-0.00733,0.030886091539410233,-0.002749
0.68,-9.970109,-0.068747,0.299498,-0.00733,0.035105554779683905,-0.002749
0.6825,-9.741534929101153,0.08647778426974609,0.0832883001866041,-0.01101200533579677,0.03340223954549653,0.0011369848609699773
0.685,-10.06428743170884,0.01852883641105353,0.5222744987621665,-0.009587182771506433,0.037458122615804,0.0009954551810042885
0.6875,-10.159658197554016,-0.055834335507541785,0.544532587036282,-0.010751095882592744,0.043677,0.0006485118630248676
0.6900000000000001,-9.803383756223138,-0.11943735540295025,0.16367878119213408,-0.013358832961373373,0.04087639332379528,-0.0034624853409637745
0.6925,-9.64696152271732,0.015006549314120168,0.05317439461027432,-0.01152379103583793,0.03358690835594647,-0.005633827693459343
0.6950000000000001,-9.761597576973909,0.15179092541139105,0.13439268163967108,-0.011340227617645368,0.033679952635608745,-0.00279771981859939
0.6975,-9.799623355905531,0.1724653931374051,0.0753231267495139,-0.013037933857117621,0.035754995547440965,-0.0005343173567347822
0.7000000000000001,-9.875346141210658,0.11394953903147328,0.16589324150121715,-0.014343909297820846,0.036805,0.001440854963680432
0.7025,-9.938146024442332,-0.04953957803232053,0.3357437710076046,-0.014768023742078577,0.03712181390684411,0.00188271463561469
0.705,-9.87365314547965,-0.22770529295882144,0.3207409041085487,-0.013851462266127164,0.03868751902404179,-0.000793808483694264
0.7075,-9.68744734287264,-0.08733466054716868,0.09766853878773382,-0.012592455750000023,0.041462754311320724,-0.004945116183962266
0.71,-9.719647443029858,0.0500420050400566,0.10729503638746832,-0.012200160524399184,0.0365114005243992,-0.0039415049380918015
0.7125,-9.963288295912172,0.1461231912637239,0.3315697188818816,-0.009308620104336989,0.033146641174180494,-0.0022836201043369884
0.715,-10.133868267028042,0.1692437881966474,0.3892184267793014,-0.009179892910946808,0.034385044566467106,-0.0012426287222809642
0.7175,-10.018087206764912,-0.042359698386044545,0.33756271142833827,-0.011426016365808964,0.04161392007966228,0.003711331598821018
0.72,-9.73129160103003,-0.1403340645493587,0.031707637253197724,-0.012014805493562085,0.04190912377682452,0.0023504806866956533
0.7225,-10.00834439639253,-0.07474827948013626,0.39784547474243814,-0.013964673208103136,0.037472564861878464,-0.00168
0.725,-10.155382293985236,-0.04020538932590994,0.5319771117995898,-0.014002263560450243,0.03837431359070555,-0.0018633896889749262
0.7275,-9.977734216838577,-0.04459173141355978,0.20909996604583447,-0.010264979933142297,0.0420021897803249,-0.0045905099522445545
0.73,-9.597289249562516,0.08192518285441033,-0.15842637390389708,-0.00971186949079608,0.047179913153239314,-0.004896971369830285
0.7325,-9.598052589843936,0.05452586222221863,-0.008843021514086322,-0.011454877773119132,0.043198287747495755,-0.001337623139995255
0.735,-9.812122723211782,-0.07303672401652586,0.2418488971486733,-0.014542470388599488,0.03761318671456799,0.0008955673480629974
0.7375,-9.97952005543381,-0.09105294359619218,0.32517242155559695,-0.013967357751032862,0.0377092481049039,-0.00044678070774207515
0.74,-9.858593355137485,-0.10619146052098409,0.15295156083936495,-0.012578334848046307,0.04667651696092621,-0.0027481481910274887
0.7425,-9.681790744338434,-0.0400982363807241,-0.04341762506226904,-0.012235358655699115,0.04269052402350163,-0.00496287064629852
0.745,-9.924492154637278,0.07090807319115203,0.273083059326092,-0.00940528569888211,0.039095,-0.005009911491318486
0.7475,-10.008991435416311,0.05786073902059966,0.3502012794572618,-0.009109281638090657,0.04093660204761332,-0.0031594312865425027
0.75,-10.01108564931332,0.007612264132864893,0.2872795068668157,-0.01121821526668796,0.04771978473331204,-0.0009635519003513256
0.7525000000000001,-9.900461208608322,-0.10936303313247556,0.17210984937351048,-0.011147324686752821,0.05140935043519839,0.0014703504351983943
0.755,-9.980639212338012,-0.07189451401845794,0.2613059822995578,-0.008955057698519517,0.04577988366660257,-0.00283525545087483
0.7575000000000001,-10.008057730807538,-0.04357177263795353,0.2697423719784659,-0.010186393580080784,0.04339331985195149,-0.0019884915208613517
0.76,-10.016631916170361,-0.0002944843693528515,0.2598092292854622,-0.011176322215182444,0.041375522219875636,-0.0014000944596972965
0.7625000000000001,-9.91949346629449,0.132075796371249,0.1287897979064901,-0.011177020516399253,0.044450960362875276,-0.0009635027215629856
0.765,-9.931252,0.131516,0.129723,-0.011606,0.046297440240534955,-0.000153
0.7675000000000001,-9.931252,0.131516,0.129723,-0.011606,0.0473759294347429,-0.000153
0.77,-9.928233672068638,-0.13480102993327353,0.2307774702001911,-0.011407758703527164,0.050396,0.001697084613918055
0.7725,-10.02419021628413,-0.14994960131389956,0.2712295515335655,-0.012432665826319012,0.047662221342640164,-0.0014224444836788523
0.775,-10.076541432943813,-0.10655624712662065,0.3086933821834484,-0.012355972498799408,0.04584812265087242,-0.003518698383223942
0.7775,-10.052497560359322,-0.0828775692474582,0.3028194552135608,-0.01084925358644069,0.046807575084745714,-0.002929576684745768
0.78,-9.971751876616949,-0.03648430161355883,0.18240975512768234,-0.009763947805649705,0.050969296214689305,-0.0024775634146892607
0.7825,-9.78326526701144,0.005361956064074264,0.08928646270937995,-0.012683821931350162,0.0562,-0.00038148466819236436
0.785,-9.829895365480787,-0.05231986853419465,0.19675461658851584,-0.010556717900249658,0.05402124837464219,0.0007731332829912806
0.7875,-9.930250797074255,-0.0870128167276197,0.3455491281602773,-0.01002508207982189,0.05159446808713629,-0.0008176187311177955
0.79,-10.116983943188949,-0.09399896796884395,0.5551679686108738,-0.012075466026200852,0.0501817484291279,-0.003658614894370329
0.7925,-9.887612,-0.181731,0.166188,-0.010996,0.04634904487853764,-0.002443
0.795,-9.754395902253169,-0.001654889591026637,0.05238511210622401,-0.008344824738860975,0.04572907124225439,-0.0021865610835054543
0.7975,-9.693828227852276,0.1416162093366798,0.005561826877016063,-0.008582550634636027,0.04828162354965936,-0.00021614780925066006
0.8,-9.855436064210943,0.05287849489177156,0.15892950144038062,-0.011994783644234529,0.05197986446280999,0.0037061866981503637
0.8025,-9.980172481994433,-0.10583541848723194,0.3140393136536362,-0.010454559496550896,0.054978,0.004345913842430117
0.805,-9.915825906404578,-0.19496224342981144,0.282529224962076,-0.00922485349017179,0.05333456875406277,0.002751336523757908
0.8075,-9.797621258747148,-0.20786578266294736,0.10582254109054032,-0.00880533509510525,0.05001373838194269,-0.0011110714481359172
0.81,-9.757466508815435,-0.016213228492800463,0.03888736792028968,-0.007549785247509044,0.049566214752490956,-0.004730206674047046
0.8125,-9.786841923763179,0.1129856621480709,0.02230600347584289,-0.008746400185378287,0.05110408967674661,-0.0010922619626926194
0.8150000000000001,-9.914201335399502,0.1247451518761586,0.16977259659760222,-0.011803416750786014,0.051007,-0.00040539828106107536
0.8175,-9.968732774545742,0.05486930094891055,0.2697229491897027,-0.009649072649504953,0.052839383695841596,-0.00018407162930692174
0.8200000000000001,-9.870273578970913,-0.13298876519015895,0.09836839391498269,-0.011096646621923924,0.05857566371364656,0.004086457270693418
0.8225,-9.810560285378559,-0.1315061837480306,-0.06142170674742558,-0.010526604685645062,0.05968995867716536,-0.0009142479176257104
0.8250000000000001,-9.964431403350087,0.0010368030150757239,0.09252136493579668,-0.00928617900614177,0.05921476772752646,-0.004472342266889975
0.8275,-9.997848080116482,0.07434695813162608,0.2376816072824689,-0.007718623044845657,0.05986678255096102,-0.002942547862550948
0.8300000000000001,-9.901669472755678,0.15993288131366923,0.152867119553605,-0.009226762869669303,0.06438575651813473,-0.0003953287174172217
0.8325,-9.837882779706396,0.09412823100273635,0.17442152947499562,-0.013642874854441444,0.06125823968151273,0.0018650106096043874
0.835,-9.8622511117142,-0.018038981619932323,0.20331005368958266,-0.011175769150405331,0.060018,0.003455288360252153
0.8375,-9.884026,-0.096844,0.205643,-0.008858,0.058538913535722395,0.004581
0.84,-9.923515321960265,-0.08987529612465932,0.17591001889520919,-0.010993996721464689,0.056106451973509934,0.0006051006996495006
0.8425,-9.89994575808368,-0.08867150121317198,0.10062135114137041,-0.012808966318395577,0.05719737787571185,-0.004404114364941764
0.845,-9.654333331213389,0.0008554841840983096,-0.10304067147731089,-0.006083798313485659,0.05690445109752169,-0.005488854470550372
0.8475,-9.719902236317992,0.19857128937238738,0.04575030549082902,-0.00788767302220794,0.06038311125844871,-0.005359765214032828
0.85,-9.764647286279772,0.145631365409499,0.07740107675276739,-0.009521204907269838,0.0613929135477069,-0.001811032376479644
0.8525,-9.806702887272728,0.06031867532467411,0.09392292000000023,-0.011132736623376646,0.062083857142857156,0.002179355324675382
0.855,-10.043460212172068,-0.03315777652327497,0.22350847486623274,-0.01069,0.05577313797996458,0.004006545121980023
0.8575,-9.954804176358255,-0.1494688765649592,0.13884939618108716,-0.008369438789369946,0.062156,-0.0034900268700788347
0.86,-9.808333372562698,-0.022070401984724333,3.6554909484794174e-05,-0.00782704587959343,0.060608075085102554,-0.0059288185529560245
0.8625,-9.813187459635627,0.14103592805251067,0.05672484626004794,-0.009429939572253104,0.05873884795745159,-0.005827113545320723
0.865,-10.03768276495401,0.20612332108762352,0.3207405006551548,-0.011579038592867519,0.05961408651928351,-0.0013468748878489735
0.8675,-10.158839207123282,0.049330968767118843,0.4175066882191725,-0.011518449041095906,0.064559687671233,0.0027772430136987166
0.87,-9.93025312116167,-0.12005343741710829,0.1447219514220152,-0.014017839373268965,0.06570016062673104,0.0021907084751127746
0.8725,-9.71934582084687,-0.1563268307341921,-0.11027871866683009,-0.01581108224409906,0.062614,-0.0026316352650931573
0.875,-9.668526059333958,-0.0650639969512195,-0.1432332615697311,-0.012538324656035021,0.06207343753908693,-0.002917324656035022
0.8775000000000001,-9.772498426969452,-0.026587410037173364,-0.022841229746244578,-0.010140002298367454,0.062347995506707714,-0.0016614437013092087
0.88,-9.754730420246505,0.03624909747333511,-0.10278266643280358,-0.00679358038871771,0.06676232534249824,-0.002092703702299122
0.8825000000000001,-9.80061500440417,0.1067154957048909,0.09607209282117399,-0.008858,0.07243679193584614,-0.00168
0.885,-9.833965622298523,-0.006769769480213239,0.23048145108249954,-0.011081473381020598,0.07535569661421072,0.00028224095374352427
0.8875000000000001,-9.89012162295562,-0.14782860180983523,0.2917436157961286,-0.01329489522922348,0.07002317922682802,0.0017693428438352178
0.89,-9.919487159006191,-0.16840312272727276,0.24966905525578287,-0.014008093861192585,0.06644893070055391,-0.0007602614076246549
0.8925000000000001,-9.914177184202213,-0.13479100492783305,0.12390161229247844,-0.015126773364165461,0.06314314481779751,-0.004060628546367953
0.895,-9.837397,-0.017336,0.052606,-0.012675,0.05914601218549344,-0.005345
0.8975,-9.793923095336247,0.1600516080698601,-0.03356458520523585,-0.012973033310043654,0.060929635056768364,-0.002370510689956481
0.9,-9.735110509572793,0.12801884046956177,-0.09809255713421294,-0.013215671257412562,0.06660052070676514,0.003913291419581315
0.9025,-9.775090562000472,-0.04603404171604352,-0.04076274645176918,-0.012772169386110477,0.06820013968238926,0.007427169386110477
0.905,-9.968014066310163,-0.18102709865432218,0.11075006401149352,-0.010686712277117065,0.06804352427488233,0.004269424554234128
0.9075,-10.007217142388761,-0.23907702840280856,0.10483227959719041,-0.013078679840749254,0.07345513774238871,-0.0012199070632317663
0.91,-9.855623608982834,-0.11218459772357509,-0.0328581239458013,-0.01278602676061424,0.07764993621680222,-0.0035404173803071544
0.9125,-9.758588061345277,0.05722541348476222,-0.09602170117571923,-0.010340194657282267,0.07948469704870835,-0.004221886923138458
0.915,-9.814868836307696,0.18957361890518543,0.08809192131664355,-0.009394314819320326,0.0762681973094813,-0.002667340737030349
0.9175,-10.028493425549936,0.04595399525232383,0.4496103262863186,-0.012575961359840078,0.080481,0.0012729395035877933
0.92,-10.030069809672952,-0.07265557573645517,0.381576508388633,-0.008977158491286727,0.07841168619718303,0.002870560229171644
0.9225,-9.929631316029447,-0.14885211770125933,0.1484493982331999,-0.010662958584659214,0.07348428989788652,0.0008245295464260698
0.925,-9.80705292364672,-0.04944712265364167,-0.048821543524626795,-0.012379395799755822,0.070097,-0.0025531198046397745
0.9275,-9.67328722425595,-0.024881597372196126,-0.1841182809882727,-0.012953102885118983,0.06948644633951954,-0.0010967068791984547
0.93,-9.687157777650174,0.07217512749699764,-0.15819068008019727,-0.01177057442938485,0.068417,-0.0036085204042025478
0.9325,-9.815888125506316,0.25348636045718875,-0.04960188536595179,-0.011734483850010021,0.07135913023059955,-0.004992529324243053
0.935,-9.884606058148249,0.15885387056782713,0.04988248417342531,-0.01301956533706288,0.0799584974993008,0.005290448011188967
0.9375,-9.799137,-0.005978,0.008369,-0.011148,0.08247052958626074,0.010385
0.9400000000000001,-9.829504377758065,-0.028483452825788683,0.059381359738454355,-0.011423978542737117,0.080634,0.009311805885100118
0.9425,-10.066870322696046,-0.19715039138690837,0.43810110167854777,-0.013071151749837973,0.0791887092287751,-0.0017160400388852978
0.9450000000000001,-9.928418019901102,-0.0625086262962031,0.13894927735341758,-0.010431243258770952,0.07392118946079576,-0.00658363077937368
0.9475,-9.729769988470496,0.16543614236831752,-0.18007079766495146,-0.012487998279603965,0.07267003387881191,-0.005450543372673251
0.9500000000000001,-9.616142889090696,0.3124343454902321,-0.3824690508283041,-0.0139551683396736,0.07660583166032639,-0.000422304331819567
0.9525,-9.968931382574773,-0.13560790023407251,0.18711953685305746,-0.013065725773732094,0.07821641133940185,0.00295371505851748
0.9550000000000001,-10.042762935756821,-0.13560418791545834,0.3374435047694062,-0.011775886941819053,0.08256177346948478,-0.00308781075469011
0.9575,-9.812926829771548,-0.09392410119401537,0.08289726086345112,-0.012003978990263597,0.0859084515601995,-0.0035444928691522235
0.96,-9.596226176864734,-0.05444774446376823,-0.16398402298550527,-0.011999776251207777,0.08794779757971039,-0.003779297531401007
0.9625,-9.652599260172785,-0.02122910240152088,-0.1711132605690705,-0.008884231338670024,0.07485997235475941,-0.002171179107553317
0.965,-9.944910157656741,0.08267787222679468,0.16827764295494185,-0.006565648606046322,0.07139763041524518,-0.0037628468462533914
0.9675,-10.132853924056347,0.17026227785766168,0.3104988591498611,-0.008298219737673071,0.08115475026961397,-9.323391790125877e-05
0.97,-9.820822926055461,0.021229284279533495,-0.13245122347170618,-0.011399427770475978,0.08728623764385324,0.0047002301298285296
0.9725,-9.720186770757374,-0.09283895013589819,-0.2864005769466691,-0.015168143434792964,0.08360899930064372,0.0019380489263291457
0.975,-9.97778856496384,-0.14441605755940654,0.06805677490529338,-0.014114617035931604,0.083841,-0.00026521370680747337
0.9775,-9.875058,-0.23912,-0.034672,-0.012065,0.08519170900698178,-0.001222
0.98,-9.875058,-0.23912,-0.034672,-0.012065,0.09045848765795392,-0.001222
0.9825,-9.62311197981279,0.2177836491911356,-0.0024214514025081707,-0.01104515501720137,0.095970302840227,-0.0037304036290902124
0.985,-9.889007660966099,0.19812275363218937,0.1977083079548018,-0.010810400307959758,0.08328022324102821,0.0031878275723332718
0.9875,-9.890975230128404,-0.13702890610710922,-0.1866100400094003,-0.011333294691512652,0.08094,0.003951446132164002
0.99,-9.826636,-0.132114,-0.42922,-0.009621,0.08274670535264775,-0.001527
0.9925,-9.746206107487051,-0.12541141853822954,-0.24630665317759137,-0.009455352346779036,0.0954708001155929,-0.0030735269981939646
0.995,-9.736275683945005,-0.03476373042358766,0.12233120159580368,-0.01161700642771993,0.08921108931733292,-0.006998689498529758
0.9975,-9.928983508628779,0.11195862154277293,0.15260294878748723,-0.015228885424203533,0.08681795928112983,-0.007054196676391525
1.0,-9.90634300192864,0.1256478254580521,0.04964246865959498,-0.014073273866923818,0.0942122468659595,-0.0005614098360655732
1.0025,-9.852983106237781,0.012817968350681157,0.009049446307157172,-0.011698087253232445,0.09701641899716193,0.005467585367391936
1.0050000000000001,-9.860703364624298,-0.12954181483544105,0.09516482408400537,-0.011071386504659973,0.0909576805284889,0.006964475116196297
1.0075,-10.1065366402063,-0.192492,0.19438980255068727,-0.015319850882663176,0.091783,-0.0008159138811394068
1.01,-9.934842657942664,-0.15276817803902643,-0.07045606646109405,-0.012786692874006253,0.09024886044808479,-0.003828016159961473
1.0125,-9.835061002103789,0.003716057830755931,-0.05444358831230098,-0.01008031683029456,0.08882707307152869,-0.007940015544647001
1.0150000000000001,-9.887767681449262,0.27344870602438126,0.1847943777214438,-0.010832399080723172,0.09140281565388082,-0.007426751863907588
1.0175,-10.0459763946878,0.3205661120253486,0.26811934004437143,-0.012338282256735233,0.0907731360633913,-0.0012658424088744158
1.02,-10.089630269448547,0.03296727143440434,0.1676125934328343,-0.008954933379418703,0.086132,0.010717090915946546
1.0225,-10.005427886868814,-0.3289545420832627,-0.046093455522385,-0.010086703547525513,0.086132,0.005685903007069986
1.025,-10.021154512558772,-0.2745333910006758,-0.04447983035594137,-0.007249440631296147,0.08963872189388819,-0.0042209837474814415
1.0275,-9.878564151875054,-0.11181967944171188,-0.07018717036470606,-0.007558418556118604,0.09668157777519318,-0.007130115580294225
1.03,-9.937215707835149,0.1795488101563266,0.031294686385601816,-0.007362617603031808,0.09665631931785877,-0.00995457373756504
1.0325,-10.085961552828536,0.2483821513555848,0.25344526994706373,-0.013213533753739883,0.092241,0.0014338579424624156
1.035,-10.027848442727276,0.09730514714450159,0.12948867813971818,-0.013744,0.09379159673110042,0.003512
1.0375,-9.922275904545451,-0.027162830899525953,-0.035168859942589614,-0.013744,0.09555360577990438,0.003512
1.04,-9.758606063558167,-0.2449411138801402,-0.16399372626086808,-0.013306311163337189,0.09504038109518209,-0.0004262445969448296
1.0425,-9.823794591840187,-0.18822374893537056,-0.05829270643478336,-0.008978316803760312,0.09118307537485315,-0.004565717066979994
1.045,-9.857414719883305,-0.04774362751378333,-0.06666461349756456,-0.0073715533095623465,0.09271168919286848,-0.008711032752025814
1.0475,-9.720946090909072,0.30710385454548017,-0.25014085818182874,-0.008705,0.101872774545455,-0.011759
1.05,-9.754493587808838,0.326594549071234,-0.04293406459873264,-0.010293042452660085,0.10723456988277735,-0.003900899549143213
1.0525,-9.907746813063502,-0.01025855368224815,0.2104506869597574,-0.01118642670388463,0.10610752720167486,0.008583517283089015
1.055,-10.088566449044158,-0.21584463964289743,0.3111143371979504,-0.012990508618021607,0.09883394754910145,0.00348894782763979
1.0575,-10.081619862488395,-0.26804220210843166,0.22268298096383124,-0.015111064587581165,0.09763033995366131,-0.0033042542539388716
1.06,-9.660775697521194,-0.1744250595466374,-0.27774839901501214,-0.011954564938029811,0.1026144249869536,-0.003643178741030651
1.0625,-9.527596650958651,0.03847103303303305,-0.42412045045045044,-0.00892932316932317,0.09465341649341649,-0.006637191268191268
1.065,-9.815447300236979,0.22871427352243823,-0.10456163737163973,-0.012511711166965844,0.09581383307719919,-0.007253191497307027
1.0675000000000001,-9.986783050626627,0.3150072322454255,0.05008679532636217,-0.013519959503916358,0.10291714214099285,-0.003728862506526957
1.07,-9.873720057517122,0.17227714526534862,-0.13351302530716924,-0.011853515610265963,0.11532717411682714,0.005248783593078634
1.0725,-9.837343195663859,-0.1672482811751317,-0.03073913391937777,-0.011500581170576165,0.10520012179457976,0.000947337736278692
1.075,-10.004413886603908,-0.23833894330195424,0.1615269391745095,-0.013160383055756654,0.10102959283128171,-0.0028727125995655013
1.0775000000000001,-9.924107585827207,-0.12205351322593724,-0.1259169425671692,-0.012988061630063096,0.10066969475841893,-0.008299047398731826
1.08,-9.72756490535854,0.12547391279518252,-0.39022789581455647,-0.013218783911490988,0.10527127984077751,-0.009676144126909786
1.0825,-9.694003192327434,0.28641698305343527,-0.3557575245769006,-0.013812215647230787,0.10937951000162419,-0.007871575023550388
1.085,-9.98825837763621,0.2677773015255713,0.14720734038557923,-0.013347473763621063,0.11161931235540654,-0.0009583879631184075
1.0875000000000001,-10.088486548615316,-0.0701691408890041,0.252370028903875,-0.015907939353036925,0.10818153274377412,0.007707829974400338
1.09,-9.995720807596053,-0.21874483328675987,-0.11354926320738462,-0.01601702252778666,0.10282552372181648,0.0017494015306445188
1.0925,-9.760525896985582,-0.24123408672941632,-0.4586197719289866,-0.015454965509352953,0.10467024333134758,-0.0030739606529251295
1.095,-9.701015415294117,-0.08633040448409104,-0.28502310750241266,-0.011726980655737702,0.10701530248794598,-0.007806453731918973
1.0975,-9.797267562526208,0.14377657412723477,-0.042164617347951044,-0.012491766394779707,0.108123,-0.00857212288044755
1.1,-9.959349,0.282759,0.184122,-0.013592,0.110745983393502,-0.006872
1.1025,-9.93083028057851,0.19997735849402692,0.032817579770423794,-0.0131364823232323,0.1121108877961431,-0.0018129378604221447
1.105,-9.893065221410758,-0.034745559180771164,-0.2491045583013075,-0.013503172726944141,0.1067245611324619,0.0073702302391422374
1.1075,-9.937621963891331,-0.18691445857718983,-0.19624182557918346,-0.016397320809589704,0.10701384961387866,0.005055290753569128
1.11,-9.92249942045633,-0.33187773118145397,-0.06350195187672736,-0.014188247549874418,0.11333889525743647,-0.0016273525552506726
1.1125,-9.765527360218604,-0.09038999232607606,-0.2845170762381896,-0.011974045815780517,0.11525883231242175,-0.00984234575885238
1.115,-9.843887543396832,0.2684077394936091,-0.13128144788682755,-0.015112731693593746,0.11917557367735711,-0.00943734408809583
1.1175,-10.037123168333075,0.39247723752979763,0.26299131113449675,-0.01714210447299194,0.12560575626683165,-0.0027102912923699257
1.12,-10.086250093147893,0.2398482703489146,0.35772299024462173,-0.011806801947100756,0.12965705777225767,0.00997286217310326
1.1225,-10.03999021802522,-0.2262000748941278,0.14913300637163301,-0.01819401892457778,0.10797148015227201,0.007371507561265454
1.125,-9.908330667164625,-0.3555900866447565,-0.3091989011054676,-0.012217,0.1038936080071706,-0.006229468778010159
1.1275,-9.812815324804303,-0.16081497994861485,-0.3496519418655504,-0.012217,0.10647761005318189,-0.009769626770241933
1.1300000000000001,-9.828413340446222,0.11762266992192938,-0.28433849743425466,-0.013752267996812896,0.10818633564302792,-0.01252724122071722
1.1325,-10.138805925790928,0.35870627152727075,0.06358367687274646,-0.01748411696363649,0.11152853191818206,-0.006961843418181211
1.135,-10.053029406350767,0.18729624972648684,-0.12302582804942538,-0.0162627938771593,0.11518275210172746,0.002149380254318642
1.1375,-9.848201954957746,-0.040082581002255646,-0.4418972459945196,-0.01528943204380427,0.1159282765623141,0.0056106848708488005
1.1400000000000001,-9.919327434632885,-0.36334989903829107,0.016339177825130283,-0.014111453195124227,0.11945093175160766,-0.00587836660332091
1.1425,-9.95392168688742,-0.27641440423840813,0.07890854004415189,-0.012804633024282523,0.11983537942604858,-0.006954216247240649
1.145,-9.954475258061018,-0.1735074980233223,0.0911836093674128,-0.011559165197314166,0.12000055852986216,-0.00815963058546356
1.1475,-9.631246796841188,0.10771705325176364,-0.3307296133216797,-0.012156054052593894,0.1193630540525939,-0.01000958105982363
1.1500000000000001,-9.477663720047744,0.36115535937946713,-0.4025539750835206,-0.015284772649164464,0.12282573374701675,-0.008591148973746151
1.1525,-9.797821853652238,-0.022247396113634743,-0.06399655922269945,-0.013680298176382815,0.11450882333831487,0.005172089845540838
1.155,-10.121505951928484,-0.11666552462324374,-0.05240272344827658,-0.0168216153767561,0.11136649369093231,-0.0022428310600256405
1.1575,-10.026944274461577,-0.15262633828712052,-0.20465626806729384,-0.016146889606659266,0.11533802718799455,-0.0030140783867753404
1.16,-9.762883050091062,-0.20540083506130993,-0.3932801489522827,-0.013538783668811697,0.12011630500910543,-0.000896999611508771
1.1625,-9.536106,-0.178144,-0.522477,-0.008247,0.11661730377313151,-0.007025
1.165,-9.79238380074396,0.0015290233476668857,-0.22831456160224411,-0.013085736022890582,0.12024553905579435,-0.008305978941344973
1.1675,-10.048404126466536,0.13708550323326907,0.00047666754008814094,-0.01532257160611958,0.12534335355869827,-0.0034575065580148764
1.17,-10.013028417645963,0.05266447507792936,-0.0843925366690024,-0.01189721818562457,0.12742556730402432,0.002891689881367818
1.1725,-10.026647104977721,-0.09889317888983148,0.13624980882359572,-0.013858467087297127,0.12469998003612297,0.0005242624635760308
1.175,-9.81836192977777,-0.2521604994285741,-0.20304058755556614,-0.01722309955555552,0.12164816723809505,-0.002349982476190519
1.1775,-9.553891454062791,-0.2760946381473434,-0.7148583882872231,-0.013790829841467232,0.1177195169288156,-0.00632649751942801
1.18,-9.92857030780318,0.12020869011851795,-0.027319432620622083,-0.012806546847839112,0.12805157773733974,-0.009464827180653829
1.1825,-10.068902239401417,0.2147638080976935,0.24358801650665587,-0.012327638977612814,0.1331318926804743,-0.0025630304034475696
1.185,-10.037390916843012,0.14297147824331197,0.1738763620783623,-0.01451643781755117,0.13164161121501203,0.0009367580730111039
1.1875,-9.825246878643096,-0.09138349426660296,-0.2734994304825609,-0.01867738246536073,0.12339902221691353,-0.00093074558050645
1.19,-9.821239188303702,-0.1428729159926903,-0.40449820117627777,-0.01488924264495782,0.12171843606579162,-0.003769036537630853
1.1925000000000001,-9.928108585604447,-0.16792825741547657,-0.1649295252616715,-0.009746188920796827,0.122937,-0.004029255710977433
1.195,-9.87448809379708,-0.12580065721429107,-0.011673459618534804,-0.01560413611155655,0.1241483400480847,-0.00985906215739725
1.1975,-9.730089825114229,0.16501522807839644,-0.32393140068189885,-0.01964354027136725,0.1269337000997333,-0.013560307656268084
1.2,-9.641774418782832,0.2839183421967226,-0.5089110319566825,-0.01471874963226384,0.1279667596379213,-0.0029439585064254745
1.2025000000000001,-9.725826939473613,0.08830143911958704,-0.32713233294750116,-0.01413333628443915,0.12892632213021435,0.004542377934431215
1.205,-9.945941986694995,-0.04877344470324283,-0.07053698003748259,-0.017772542886417744,0.136376,0.0030603833162561934
1.2075,-9.948038557618238,-0.2310307508726134,-0.1189191123809558,-0.021533,0.137270305973733,-0.002291
1.21,-9.472908861863527,-0.2653425346311076,-0.555806522590925,-0.0201826157395222,0.13822034402493968,-0.0023082312296501535
1.2125000000000001,-9.4946662044766,-0.06961683287418466,-0.3810803401514815,-0.010850981496786287,0.122784,-0.004066652892562307
1.215,-9.675393,0.055595,-0.025705,-0.013439,0.1259868813344238,-0.007483
1.2175,-9.652222353458708,0.03321645285363771,-0.27701981802126907,-0.013388313589533931,0.1324491133278823,-0.004093304889615566
1.22,-9.608181576074834,-0.05223121204533095,-0.7291914768123776,-0.013286,0.13317013182227022,0.002749
1.2225,-9.614195625028483,-0.14093670503327654,-0.6077850249085606,-0.013286,0.12980943222402122,0.002749
1.225,-9.990434,-0.229555,0.215806,-0.011759,0.1413097538947065,-0.002138
1.2275,-9.990434,-0.229555,0.215806,-0.011759,0.13801706580978335,-0.002138
1.23,-9.950496671301641,-0.19507676618550565,0.13917399333126135,-0.012010642385035053,0.135001,-0.0029768308371004746
1.2325,-9.475114975152,0.21532427477473493,-0.7729915043834503,-0.015005990038971077,0.135001,-0.012961595445050378
1.235,-9.949849247918483,0.21825797409927036,0.17307150259698745,-0.014739048762290667,0.14422598154817948,0.005424618215839462
1.2375,-10.021569321887851,-0.0013837370359373602,0.2440442451224612,-0.01426228129432095,0.14403477467373815,0.0084783044752995
1.24,-10.001074655716904,-0.10453246069170766,-0.02163919526339607,-0.01914937132386625,0.14139696679798444,-0.0022366631149793883
1.2425,-9.626941561880429,-0.26158932246866434,-0.539250013056903,-0.00951163779170747,0.1345866377917075,-0.001833
1.245,-9.909235302898539,0.079608676962347,-0.1393561791105768,-0.011204734146318104,0.13182026850371828,-0.012352545537059235
1.2475,-9.953139675507796,0.21823801998752992,-0.10898394513216533,-0.012203761220436576,0.14034771410314242,-0.012045191286159745
1.25,-9.97511053787786,0.3350143343532004,-0.11023068816546322,-0.013255408395545221,0.148288,-0.010342126912250643
1.2525,-9.802728589837296,0.16571699644556004,-0.3864722627033813,-0.014326516533166472,0.14636532044430553,0.003949614812265356
1.2550000000000001,-9.898542445461075,0.01396436135689352,-0.2630926391399693,-0.01397308939799346,0.14066549897276667,0.002605604013377732
1.2575,-10.069432604823607,-0.1802506449751428,-0.02842520627891358,-0.01579084828979555,0.14478265394996442,-0.001317443219951148
1.26,-9.843375,-0.282162,-0.367049,-0.013897,0.14198464547448736,-0.004276
1.2625,-9.616124050181773,0.03197965828931376,-0.5308037536868064,-0.01152543511900684,0.14792364480417025,-0.00721654168324296
1.2650000000000001,-9.595553274820698,0.26524879591619366,-0.4851766473357769,-0.011625443204896968,0.1525730268853489,-0.007047641070391381
1.2675,-9.77960187712902,0.23318308151495265,-0.2616728308307468,-0.0160508550751275,0.1538363987284242,-0.001559626976281865
1.27,-9.846791512098386,-0.044814713777095776,-0.20611413837355785,-0.019764695858570325,0.1523697205472713,0.001337386570330488
1.2725,-9.952772,-0.175753,-0.107006,-0.019395,0.15175709620328837,-0.001527
1.2750000000000001,-9.723668681604323,-0.2259914923052419,-0.30059716300136746,-0.016849930802966113,0.14862273471015044,-0.006284605868750791
1.2775,-9.52635620497185,-0.05617055947874802,-0.5706041724975034,-0.015551325345053574,0.147066,-0.009501264597116267
1.28,-9.5438864908588,0.15609699761981471,-0.6464346467288495,-0.01532757753618527,0.14924376187841754,-0.009964201254422626
1.2825,-9.8528954917914,0.2223775716562058,-0.3640764726315844,-0.015615537141477539,0.153022,-0.006311255953645685
1.285,-10.13532925231664,0.10334114912350106,-0.01007837471582966,-0.016035,0.15521101878154217,-0.001069
1.2875,-10.082835270513288,-0.07511638998377478,-0.008139645934825412,-0.016279590683152278,0.15975406042213078,-0.0011179821656051028
1.29,-9.809332530360932,-0.2252887704175512,-0.407379961868369,-0.017586032130219417,0.15760945406935586,-0.0015851846001415535
1.2925,-9.749437563435917,-0.20070189059059912,-0.5362268957653694,-0.017507849096022533,0.15034163321173163,-0.0035521558955403402
1.295,-9.915815877501728,-0.11874235499424529,-0.30261061296150976,-0.013253831905969075,0.14761746635630305,-0.008294085743258852
1.2975,-9.869625986916699,0.11722033693132813,-0.43031064976133593,-0.014552871144666373,0.1551791293716514,-0.006934581558694532
1.3,-9.685043520234718,0.08032310317925871,-0.49095850148621845,-0.015877458496464814,0.161122014563994,-0.003297563349526173
1.3025,-9.777300657157422,-0.006808917437352388,-0.40292169257467203,-0.015800798618633063,0.15865780296474435,0.00032209417151650823
1.305,-9.963066144377649,-0.09779235158797941,-0.23499583141633718,-0.01695609253218844,0.1580167900429179,0.001680007038627255
1.3075,-9.99088429777872,-0.15408830544639235,-0.2983496204869812,-0.020960299286629742,0.160658,-0.004749654963690887
1.31,-9.826366067191362,-0.18602300475404424,-0.5449457132402495,-0.02247408337670567,0.16061203247857822,-0.008094
1.3125,-9.552335321802602,-0.08804803665503015,-0.9388330880672802,-0.015994941923198985,0.1601037177086639,-0.008094
1.315,-9.786261169556456,0.17998470952787926,-0.44975495107304,-0.012587461287553305,0.16057305379112927,-0.008792538712446694
1.3175000000000001,-10.323901545342164,0.2581710136925092,0.31330787336968796,-0.014813,0.1700441160116435,-0.006567
1.32,-10.448377834372879,0.12443870098231663,0.4611800037576961,-0.013908188783976731,0.17098590746780998,-0.003173513533618032
1.3225,-10.148387791331885,-0.22577255257109624,-0.0933416428321781,-0.015767067362177638,0.1560158032410104,0.0015350150929407261
1.325,-9.939960439389633,-0.35482046933715206,-0.523815166809682,-0.018596754506438242,0.14624350796375796,-0.004503285264663087
1.3275000000000001,-9.66949743070332,-0.13505202997474852,-0.8915507898983559,-0.012562456484071088,0.15109300342997514,-0.01126362704140807
1.33,-9.71345874270149,0.1347479168340792,-0.7456676845255032,-0.011740434282041017,0.1584185825375655,-0.011734308512655675
1.3325,-9.902389467516937,0.36782560891380506,-0.4075950730203196,-0.014653845335202108,0.164241476010278,-0.010293902480728772
1.335,-10.163409181199958,0.3341052327425812,-0.052938927873024774,-0.02151422986653842,0.16685831944210647,-0.005603122207526944
1.3375000000000001,-9.762557541389144,-0.030994082651456263,-0.5043434697431264,-0.021065616682524546,0.167890009752616,0.003974581763399842
1.34,-9.614325649952354,-0.26874017609151774,-0.8732631502573464,-0.02098850171592024,0.15770712629170627,-0.000735520228791153
1.3425,-9.82968736553323,-0.14681993330661158,-0.4875066479380358,-0.020082096439365187,0.1592159800747441,-0.00990256655148135
1.345,-9.962349661470622,-0.004062327064618632,-0.287798124386067,-0.017406523851295902,0.1620604437527852,-0.0101543201688754
1.3475,-9.889417537413326,0.06288444775358325,-0.4081424082793021,-0.016980084373488056,0.16721603677148844,-0.0062799059313013664
1.35,-9.802656305147787,0.07456050581501528,-0.5095952263107296,-0.022187503241183053,0.16350310629170484,-0.0037368759771197386
1.3525,-9.898821992299906,-0.1675938496108843,-0.4021589138816833,-0.01997638895286294,0.158978,7.720861119898647e-05
1.355,-9.954669295756329,-0.2570187875062757,-0.3941994938672163,-0.015211490139174048,0.15881862481861742,-0.0011635327583845733
1.3575,-10.227321588952389,-0.10038591289214517,-0.21395854078957646,-0.0188602611249491,0.16141385038990594,-0.01104977586975988
1.36,-9.942801743170483,-0.0959489152221894,-0.40410812830761994,-0.019147143038133984,0.1754967328647965,-0.010318093602268963
1.3625,-9.442495829624951,-0.15225245635045798,-1.034304617585892,-0.012208134352347813,0.17007126911440268,-0.005650228490387562
1.365,-9.597065641945626,0.06850296972817896,-0.7636091306437927,-0.01441524989985689,0.164628,-0.013608722689556495
1.3675,-10.05698429622386,0.19770213973749048,-0.14390775847684212,-0.014689039780758766,0.1702018741785661,-0.002928649179287821
1.37,-9.905937406120884,0.02580749252933323,-0.44711193259390924,-0.014152904859155019,0.16943099190727662,0.001994084348591334
1.3725,-9.788049396578332,-0.1587286011606846,-0.6788598751694053,-0.016932940295203074,0.16220307586044955,-0.0032867207916807786
1.375,-9.974962473056747,-0.14471998807820696,-0.5586365455412494,-0.02084042107773009,0.16272446208869815,-0.009144764902241297
1.3775,-10.060377542927926,0.08654469738514574,-0.28376178819301745,-0.014627474413666389,0.16602492645205189,-0.011222349693051045
1.3800000000000001,-10.022347786397983,0.2198164184382911,-0.36791131848867475,-0.015488905088161344,0.17006353561712856,-0.008954857531485727
1.3825,-9.910885871799648,0.13575089484898956,-0.5508457335035623,-0.020269555678861066,0.17171459517800144,0.0007517679057208928
1.385,-9.851843036416819,-0.08919378564442465,-0.5997708369332726,-0.02163083787477148,0.16944047925502742,0.0041397444881170085
1.3875,-9.840622442535041,-0.23601958571754764,-0.6417893571526501,-0.02120391536410726,0.16681784115630718,0.005969640600243722
1.3900000000000001,-10.072652126622511,-0.34704757317553536,-0.3169786883465367,-0.014691682088806817,0.16733125512539407,-0.007201656206709758
1.3925,-9.848886967714977,-0.11748242008729533,-0.47198217060755193,-0.014740889012622466,0.17240244394951013,-0.012438112469033797
1.395,-9.444262609572101,-0.05708477518995338,-1.0884677522258677,-0.01699991674318165,0.16771567000559867,-0.012286844651683611
1.3975,-9.416309026685628,0.11183477869131955,-1.1641641199146582,-0.01858971791370316,0.169515,-0.014061877648174482
1.4000000000000001,-9.810656715484766,0.333162898576815,-0.663376851258915,-0.019380746089283377,0.17038247568422418,-0.013500898406518736
1.4025,-10.216667101425033,0.21404232251494704,0.03820558825819055,-0.017689640035107385,0.17998605173222665,0.002945445971435488
1.405,-10.104366543925234,-0.17509928495794383,-0.2140776939486019,-0.020312430654205692,0.17154018521962602,0.0035357943037380803
1.4075,-10.04813288242645,-0.17210527773338163,-0.6480265226298513,-0.023217763516164315,0.16574792865964388,-0.011430008848528942
1.41,-9.593447363207968,-0.1658200891513842,-0.9702799586571359,-0.014187346521604147,0.171806,-0.007719926639726489
1.4125,-9.46398342804959,-0.03777858630135435,-0.7895630845400977,-0.013026750945858204,0.17126614037834303,-0.008650458969341421
1.415,-9.84745490776088,0.3641180852665623,-0.24293685809511745,-0.024010039942494375,0.16970445252186422,-0.014703551685635419
1.4175,-10.137509987190667,0.17393040501131768,-0.1967042863784612,-0.024159536982255647,0.17661971829462897,-0.0019711978420866045
1.42,-9.748260139085797,-0.2573492835065673,-0.9261885603005522,-0.018173,0.17459442502191647,0.008705
1.4225,-9.581982429558147,-0.41985287832520446,-1.0292262818857076,-0.01939641553655632,0.16678060153096305,0.0032826560735109657
1.425,-9.96813607591768,-0.26169976396677447,-0.31379361056685146,-0.022836322421470427,0.17254358599109418,-0.015803405415814032
1.4275,-9.715457177920609,0.023500437807184207,-0.6562077252929991,-0.013718096862003756,0.1729809627221173,-0.006268283251417815
1.43,-9.561235067494962,0.047434994698279394,-1.0249647929436834,-0.017959653097806665,0.16921,-0.008127538129223372
1.4325,-9.540888,0.094452,-1.135222,-0.020769,0.17121929043023099,-0.011148
1.435,-9.59601304170972,0.076339610186995,-1.0320596932501993,-0.020534295957257292,0.17833735202137135,-0.009857127764915112
1.4375,-10.034718178829564,-0.07054,-0.3087035628351597,-0.020225663557938915,0.17760587293075308,-0.0019138356260200514
1.44,-10.00048635057854,-0.08223473581011972,-0.5841116343893193,-0.024018508257788042,0.17663954300313153,-0.008979020741717443
1.4425000000000001,-9.91210261254356,-0.15483303243650537,-0.610247866855,-0.019856855277365745,0.18238190866841328,-0.008482071611800526
1.445,-9.779447646347156,-0.25348281209519424,-0.6623046979274511,-0.011470237033679028,0.17655580518134728,-0.004224182652202285
1.4475,-10.043337009248706,0.27125086666127135,-0.25632106269429905,-0.022360079106217658,0.18226049326424873,-0.012780365864637336
1.45,-10.07929438746702,0.2578822813984188,-0.3532544749340336,-0.02070523852242751,0.18564200079155668,-0.005463447889182236
1.4525000000000001,-10.009464901290412,0.08533749394613485,-0.5603036998948677,-0.016634827022462724,0.18650788130954252,0.0032515609558708795
1.455,-9.782068486452882,-0.2593527178310938,-0.784084518119938,-0.012367615613219161,0.18181983856548353,0.006521544553243011
1.4575,-9.891149044085212,-0.31616932698934697,-0.47194985360589015,-0.014085794426691731,0.18483753911340856,-0.0091007640883459
1.46,-9.684771533180754,-0.10015064272771339,-0.6680927351263417,-0.013022216537911552,0.18606491753934307,-0.012049021783500629
1.4625000000000001,-9.611162209928695,0.07760222188700627,-0.9296068206253422,-0.01240409122325847,0.175318,-0.011637004991772004
1.465,-9.75432365383394,0.16527060389891834,-0.721886079913344,-0.015581013574007364,0.18425354287364681,-0.011817074252707461
1.4675,-9.739185183696655,0.09405102607606303,-0.5491626084693925,-0.017395199846938724,0.197615,-0.00595837249999988
1.47,-9.468083212806851,-0.07322065877259804,-0.9533661641008524,-0.016525982121788733,0.1908814215984778,-0.0036618908848714674
1.4725,-9.525066725140727,-0.018206647023577233,-1.0973385765260733,-0.020633549235985007,0.18262383106205127,-0.010528258982890355
1.475,-9.926198556131741,0.04295125311842419,-0.6605128835318879,-0.02514839355290786,0.191354,-0.013774872179396947
1.4775,-9.819308794125982,-0.12836433119053423,-0.7386053831410118,-0.015547673172934536,0.191354,-0.002802503679825428
1.48,-9.86467793161404,-0.04858716247796299,-0.3131323182817777,-0.013439534345247604,0.19964568107068437,-0.006554498063792215
1.4825,-9.926467276624457,0.20158619709888695,-0.07200185527168498,-0.017803418916492904,0.20529276451354367,-0.014896551238980371
1.485,-9.809892291004562,0.10376992168948512,-0.7450540451141761,-0.01994567575342461,0.18464683965753387,-0.0005051579452053213
1.4875,-9.766431321846955,-0.16408934444969508,-1.042556070878596,-0.01837088667926306,0.17945824463863969,0.0002345350495983438
1.49,-9.912106755269841,-0.23528588306666662,-0.6352131111238113,-0.016952,0.18959456047936502,-0.004123
1.4925,-9.968235550862508,-0.22056957222663542,-0.3734906203969587,-0.01690135484662577,0.19783318986647438,-0.007206727116564124
1.495,-9.842697270402548,-0.07893836964526886,-0.7137129485213349,-0.01835740459147085,0.19190580968991613,-0.014697892575528212
1.4975,-9.79183726584126,0.09930918702323714,-0.9131710452362388,-0.019950264260096613,0.19146757913301124,-0.01579308511461088
1.5,-9.797368447018235,0.2216477345983243,-0.8883063378511582,-0.016718724001971417,0.19978895022178414,-0.012017924223755545
1.5025,-9.838827236032387,-0.12797092202428134,-0.4663064242105322,-0.014031691417003826,0.20096503376518265,-0.005177780890687883
1.5050000000000001,-10.003562507414339,-0.09145932581515516,-0.4041013210799573,-0.01624390998961582,0.19568431559709232,-0.01203932323987562
1.5075,-10.00408817637981,-0.0943454802373966,-0.5854826135311744,-0.015417044866468726,0.1941093894362018,-0.011644117863501148
1.51,-9.667558376917675,-0.23111170969368192,-1.0658478631652848,-0.012130472137843008,0.19295430929164006,-0.006892490976388024
1.5125,-9.568304604279197,-0.05270786531042565,-1.1465869097860464,-0.013183662995440047,0.19384730031567848,-0.012703749280953944
1.5150000000000001,-9.954277627392669,0.33403331287957483,-0.46353082701571063,-0.014856137549738125,0.20738539912041898,-0.009030351874345303
1.5175,-9.918177366655877,0.2072334740218907,-0.5402076350880555,-0.012950633900047543,0.2099766445235603,-0.004075942568300668
1.52,-9.887731138218978,0.06583035275912126,-0.6115099539270071,-0.011516089732360145,0.2113131942773721,0.0005268455279805242
1.5225,-9.976735147756237,-0.22908757676146232,-0.620945776886824,-0.01850109176552514,0.1974450522855484,-0.00507883160533929
1.5250000000000001,-9.94924446852582,-0.22122002517933212,-0.8141198128314827,-0.020228905891834972,0.199906,-0.014492198339647008
1.5275,-9.71983365864493,-0.15240743034225368,-1.0851640690663613,-0.01604408415366702,0.20143882400931334,-0.014619868004656535
1.53,-9.685755112432433,0.17447009729730314,-0.7590359102702604,-0.017234211351351395,0.2075049335135136,-0.014349305945945957
1.5325,-9.900084749669274,0.23352781079677104,-0.5454098855852926,-0.017257,0.208700807697069,-0.014355
1.5350000000000001,-10.008860319445509,0.1892192479599062,-0.5782625381578494,-0.017991929052192168,0.20728213645093918,-0.010001332128600667
1.5375,-9.949787096797149,-0.03576614141460269,-0.8739690149911076,-0.01994208087188621,0.20337395956405688,-0.003596349421708311
1.54,-9.845949849714794,-0.20835105624666295,-0.7209555734740583,-0.01686972189030534,0.21319776698013634,-0.00959790982033802
1.5425,-9.810640226461903,-0.08420997884376014,-0.69493795634035,-0.015065412639193608,0.20996903578061077,-0.012446753717165707
1.545,-9.687469544765985,0.1992543083815623,-1.1906489114969656,-0.014329178506609341,0.20004870725259022,-0.014031384037156138
1.5475,-9.800191152578305,0.28883469177563764,-1.10144190457544,-0.020050330041681778,0.1998582727640824,-0.013649890684768354
1.55,-9.912660043434013,0.24126423650689044,-0.8961389755745177,-0.021273278397898807,0.2058654322390022,-0.008737099441890817
1.5525,-9.94784397137107,-0.024938220217265633,-0.6521356661315036,-0.02026239675700398,0.21485177548313322,-0.0010130261223556343
1.555,-9.888629884249838,-0.23738362982292344,-0.6578085192916938,-0.024979723039278777,0.21212360382807477,-0.0052638833902122345
1.5575,-9.838099039460978,-0.23395399038297848,-0.8383239939574769,-0.023794685163120194,0.20902853276595726,-0.011617822198581366
1.56,-9.600413414090726,-0.1762767798140914,-1.2597953636386767,-0.016224568033685414,0.20180790748867855,-0.010274101492015622
1.5625,-9.628489461591856,0.013782102961591866,-1.1999123898658028,-0.014007046737621471,0.19715833965756593,-0.014849975242943082
1.565,-9.93972401824274,0.29866421821658873,-0.7495547272251823,-0.018502226922762603,0.20932478051164669,-0.017507118031875935
1.5675000000000001,-9.796773405338758,0.1039207627925563,-0.8186910979056079,-0.014906884599588917,0.20268118932237938,-0.0011831600821337017
1.57,-9.751481211743123,-0.14987875339449797,-0.9416095878899059,-0.017453094311926716,0.194408,-0.0035638289908259315
1.5725,-9.972625208620771,-0.18267383096477036,-0.7378909837163234,-0.021664985374165335,0.19754378584388674,-0.012033815095556085
1.575,-10.090918200668687,-0.13651066161439102,-0.6806104159528651,-0.021322406559465143,0.20515481302340385,-0.0118296323515365
1.5775000000000001,-9.762619847573026,-0.1746997036078181,-1.19306934561703,-0.018252921806327115,0.20724010245834343,-0.008792559787491367
1.58,-9.348902501124897,0.04048183065781771,-1.5947962313249981,-0.021191525795996317,0.2122056087511937,-0.018641250009533778
1.5825,-9.66194948882043,0.2792793401932014,-0.8878998678042893,-0.020545850251161808,0.22266,-0.01602276814370001
1.585,-9.927666,0.277379,-0.502152,-0.01909,0.22219417726300278,-0.008094
1.5875000000000001,-9.920778822386678,0.11321415455593264,-0.60415010411658,-0.02032608024976899,0.21279571759944524,-0.00914015356151733
1.59,-9.856348569963826,-0.24661468868097394,-0.8883042076392617,-0.02222573790209784,0.21802635713527868,-0.011565065010851227
1.5925,-9.748263818698613,-0.24452917743951155,-0.9870592004980031,-0.019814445299506652,0.220754843454702,-0.012282452472006914
1.595,-9.659279904096868,-0.2472092461515461,-0.9782798092223174,-0.01592449026089132,0.21488684473349148,-0.014542909978779106
1.5975000000000001,-9.628167,0.062769,-1.113104,-0.012981,0.21335670676542115,-0.019548
1.6,-9.718204269767073,0.14522894406341658,-0.9593273475574124,-0.01719410493367876,0.21610408655774815,-0.013854473891943895
1.6025,-9.843138556975315,0.11508348024080955,-0.7478038166791116,-0.02257457282119196,0.213039,-0.00256857282119196
1.605,-9.770838619162523,-0.25593657321354046,-0.9924894627691297,-0.01939064134124819,0.21165518297449062,-0.00480051976255406
1.6075,-9.710164833421201,-0.2754854000568248,-1.2675959077199856,-0.01935833250414337,0.2120357369773496,-0.013874501876726354
1.61,-9.60309413579773,-0.18877195315930245,-1.3918657794030027,-0.017381404316984483,0.22077026239494346,-0.014999893966990622
1.6125,-9.72836585980693,0.05577016943725456,-0.8774098171885909,-0.014332324935248442,0.22727199425476824,-0.017435448128090447
1.615,-10.009115696029667,0.22826537249117831,-0.4344163900472502,-0.021228,0.23219912122495365,-0.011759
1.6175,-9.86814340507447,0.060673212079673994,-0.8400865427597244,-0.021228,0.23066630242957117,-0.011759
1.62,-9.75226462837165,-0.13106834158426137,-1.1586652571086706,-0.02082232880944878,0.22728822943936983,-0.009035045083464314
1.6225,-9.780682346263166,-0.34177816131579336,-1.1408061542105108,-0.019635458947368376,0.22354718178947372,-0.0066751642105264955
1.625,-9.940228379939658,-0.40035747030686586,-0.7033405515490471,-0.01746867091029509,0.22789581065567738,-0.013480762381337847
1.6275,-9.83035446067848,-0.23808061985992096,-0.6907561396456448,-0.016806147710479162,0.23361822105205338,-0.018995931141326545
1.6300000000000001,-9.731653785884019,0.12424959390482876,-1.013468378613311,-0.01985392439016691,0.2306674600819413,-0.02124333406555283
1.6325,-9.713785726754704,0.21395166386874542,-1.1806477545706269,-0.01748272819207679,0.23039959883473396,-0.014808744272108647
1.635,-9.764480797832185,0.10971987817446958,-1.1117046576657943,-0.015900650430235315,0.233656,-0.007240458065129541
1.6375,-9.746226214979082,-0.2093739853365955,-0.8520634001736316,-0.015142626422539593,0.2350495245521268,-0.00837742964249057
1.6400000000000001,-9.949649038324347,-0.20595422771993097,-0.520332813998838,-0.018529805836026227,0.23991923669658854,-0.016596491131059037
1.6425,-9.817072,-0.248087,-1.1629947282703346,-0.016952,0.2311428171172018,-0.013439
1.645,-9.76180961233528,-0.060461625262986346,-1.3876982638475697,-0.016667215345448717,0.2328471311055962,-0.01822069836202073
1.6475,-9.735489114903729,0.3769268057428028,-0.9751218302068181,-0.016188,0.25076,-0.017510469579273134
1.6500000000000001,-9.495857494620301,-0.1581911469978751,-1.1077893816891464,-0.018177771327182502,0.24065275207948858,-0.001955179219304758
1.6525,-9.545980766978,-0.2379732191095365,-1.206256795325293,-0.020147417279394432,0.2326213594662879,-0.007334743718003484
1.655,-9.726627781325725,-0.28089033424892174,-1.1097815933619142,-0.02101360349070084,0.2280854754029571,-0.014667233838817741
1.6575,-9.759792195033965,-0.2319911356890172,-1.0994639678579547,-0.012236990552155574,0.23786262035106592,-0.013499346508843976
1.6600000000000001,-9.544587013420346,-0.20605855827894126,-1.4295741569639937,-0.010242957437757123,0.23592655197486048,-0.014627352351946492
1.6625,-9.575191846937596,0.004653142428875906,-1.3532311154935892,-0.015034046797048967,0.2314361634149201,-0.02517056540578553
1.665,-9.922716596761907,0.3539062943238107,-0.8597295783872998,-0.017104,0.23822721491428578,-0.021902993707936254
1.6675,-9.96939422590928,0.3010356749090344,-0.9466991986169372,-0.01736394486210586,0.24025243327241297,-0.007554498279410579
1.67,-9.562823416369357,-0.1328548776914993,-1.582805815194134,-0.018983182245540187,0.23694707584470076,-0.005776175194123384
1.6725,-9.683616813536858,-0.177871956327602,-1.190108154245339,-0.023006540293882924,0.24395614103656488,-0.016016034755666795
1.675,-9.81412695933247,-0.241941878710306,-0.9799610135774494,-0.020286512524303316,0.24496612141931287,-0.01405
1.6775,-9.797872272514404,-0.2355683626042876,-1.182703219539063,-0.02138232110624567,0.2374852505600369,-0.017728691348236868
1.68,-9.715606126730586,0.3122431456118519,-1.252976914574455,-0.020138539877311786,0.24877814216385694,-0.02379979157177282
1.6825,-9.723011959769165,0.26581505726904875,-1.197149426607895,-0.019192262812741362,0.24892346668787205,-0.015650182854545933
1.685,-9.730417792807742,0.21938696892624976,-1.1413219386413402,-0.018245985748171017,0.24906879121188713,-0.00750057413731977
1.6875,-9.997317002341212,-0.1542520907031191,-1.0620471444754929,-0.018608537799259875,0.239460767238124,-0.010806911789139794
1.69,-10.092451503938834,-0.20078389365461852,-0.9647634445072566,-0.015576798127896281,0.2487657323169603,-0.015779190753784356
1.6925000000000001,-9.977232048887853,-0.1998153294779116,-1.113872927707761,-0.011743033234476188,0.24097429758109326,-0.016397095826382484
1.695,-9.946601328961906,-0.05817187534211535,-1.2794649467701793,-0.011148,0.24098576555334902,-0.016493
1.6975,-9.983345174466988,0.10946683024798771,-1.3298088388019313,-0.013428218228663477,0.24212218794202897,-0.017700187272141725
1.7,-10.171713527992365,0.21532963023367874,-0.9653849316166186,-0.020031708249881135,0.24432390777300858,-0.017776343633763507
1.7025000000000001,-10.187995945738715,-0.018163538397304335,-0.8632628960986315,-0.018026950741698175,0.24104734106184095,-0.011121727015311212
1.705,-10.092925721714549,-0.13918851265190918,-1.035474218483287,-0.020083263608101858,0.2398831057999688,-0.013772028343539178
1.7075,-9.939023,-0.180536,-1.270923,-0.023213,0.24337853853129615,-0.018173
1.71,-9.823845450041505,-0.17025228335584702,-1.3591345125591965,-0.01854268416632776,0.23565993154202955,-0.020099691642932644
1.7125000000000001,-9.78562541168289,-0.023893568661635722,-1.3197687186837104,-0.011727960468198021,0.23192577601590128,-0.024238064288869456
1.715,-10.120324454874735,0.2645476025806461,-0.9003969425446183,-0.013664478863599177,0.23966453452431677,-0.023824817520877478
1.7175,-10.060375343190112,0.23028422422957107,-0.9426506103308134,-0.014449780626544444,0.24888533307293742,-0.017130441587883533
1.72,-9.64347594334765,-0.038579217052921985,-1.4283776635765173,-0.016729075307581862,0.24387779141630977,-0.011067785350500414
1.7225000000000001,-9.885386576883391,-0.2251229602447443,-1.3866652354837257,-0.022557260057361396,0.2307216895525811,-0.02139621780879582
1.725,-9.97297521358883,-0.18121131199903073,-1.219801978178077,-0.018883567986459376,0.23492347825666465,-0.022201176678957858
1.7275,-9.908965701839263,-0.10297566955351782,-1.201094359480463,-0.01588371973559087,0.24079601167111225,-0.022401143049982628
1.73,-9.640359726295555,0.2560419504424778,-1.3603298747892296,-0.019079912395089924,0.2456706498848606,-0.026317908866685738
1.7325,-9.754286725431532,0.2602176955752211,-1.1915269992044961,-0.01885091992006852,0.24452768308687794,-0.02052724294604641
1.735,-9.856053668215262,0.2461379017772037,-1.0496778287359398,-0.018726306823529507,0.24342204476595744,-0.014394315043804192
1.7375,-9.772201975433038,-0.14004100658893148,-1.3781960840710943,-0.020262625246235694,0.23985428835050357,-0.008400255836069568
1.74,-9.902125058799484,-0.23666128458319935,-1.228097551113615,-0.020021192281943996,0.23535979942066299,-0.018419520923720623
1.7425,-9.902681262630157,-0.17520103658971803,-1.1163476532590348,-0.019386656911319945,0.239612,-0.020222654242954937
1.745,-9.766584641827267,-0.057212977886448274,-1.180219559499088,-0.01619995810591629,0.23964179840648855,-0.020901216793893486
1.7475,-9.417965918250907,0.048998688277600455,-1.8656712881645423,-0.020864390419218094,0.24270414719736244,-0.026898244386873896
1.75,-9.63471345432576,0.3070840740695988,-1.5999889203721605,-0.02104577307878202,0.252745,-0.025276924117931365
1.7525,-10.099884971845881,0.06782216803320501,-0.599237396708945,-0.0167025305085952,0.25184916019442805,-0.012350221211618457
1.7550000000000001,-9.967327695571873,-0.25921163926688495,-1.0246983095105073,-0.018142873828783858,0.2457753253793206,-0.012236391153043601
1.7575,-9.758445623447935,-0.356587922547213,-1.5445564375593257,-0.023327298682808695,0.23995961287167086,-0.02207250892009695
1.76,-9.455598988001428,-0.24852458882513861,-1.6713123770217813,-0.02206514766337336,0.24636159857159862,-0.025750602533031755
1.7625,-9.49328087721335,0.037301801709400714,-1.210709922754398,-0.01394327395581342,0.243124,-0.02098330743428473
1.7650000000000001,-9.651730830847006,0.09723808389331538,-1.009690210182489,-0.022754232905943247,0.24309013458118855,-0.024613043275620222
1.7675,-9.964264909842237,0.18137694600436557,-0.984175654011827,-0.026546172157592255,0.2439743503405875,-0.02484034431518451
1.77,-9.683763,0.081301,-1.507652,-0.020769,0.24946897191011227,-0.013286
1.7725,-9.721582288356162,0.0022786773287718637,-1.4066386636301431,-0.020892497328767114,0.24298599123287662,-0.015415975205479323
1.7750000000000001,-9.87349181294581,-0.3035978954376978,-0.9910140522232381,-0.021082674965261457,0.24916286658175135,-0.023972621954608735
1.7775,-9.833295393893613,-0.21615406204927223,-1.017857460796713,-0.018836030909509704,0.25572156891089093,-0.025118093078517086
1.78,-9.648880343163468,-0.03629901482792508,-1.5879318845201864,-0.019224787749834486,0.2520434770648577,-0.025417868421575156
1.7825,-9.722969134760318,0.21468650207878454,-1.4533600706976832,-0.015152256260085428,0.2549165532510677,-0.02480065242524931
1.7850000000000001,-10.081974097561782,0.21401370371966025,-0.709812023729335,-0.015553834749220346,0.26757755852171705,-0.011979690818334141
1.7875,-9.933893920076029,-0.3156486488714635,-1.1585796927536254,-0.0197396445473985,0.251829,-0.011948495818484891
1.79,-9.908202575554853,-0.2844687468379573,-1.2443140949558655,-0.020363646119167703,0.254840146087642,-0.022565032074401012
1.7925,-9.760087570682579,-0.2417586152553714,-1.4110574479904512,-0.017544787169451133,0.25929470749403344,-0.02208938294033415
1.795,-9.542833462711599,-0.03468334715107402,-1.720457652848926,-0.009706242270839766,0.25754397208240176,-0.019707951152986174
1.7975,-9.366654442590221,0.108462682309172,-1.863603682309172,-0.017505256515490564,0.2588224578313638,-0.022904584152028232
1.8,-9.690984791772818,0.12891832691363495,-1.2047100053289712,-0.021510156573565305,0.2654680508589459,-0.01910548030851908
1.8025,-9.750021685278508,-0.08170339187504863,-1.2682951338975212,-0.014621314488803869,0.26417209485377324,-0.008973192212925321
1.805,-9.75413899603742,-0.37939862769009797,-1.3908998962820784,-0.019918292165986888,0.2527646104677376,-0.013103599520268273
1.8075,-9.625454343512803,-0.2564452395673655,-1.5817337615988842,-0.022604534427462648,0.2661265227368915,-0.022762102515870904
1.81,-9.357962,-0.284553,-1.871712,-0.015424,0.2625400840038121,-0.017257
1.8125,-9.590495495726497,0.023436504273504244,-1.6101564957264958,-0.016072709401709403,0.255036,-0.027822042735042737
1.815,-9.822221480836967,0.24582769009864183,-1.2900658949052501,-0.016493,0.2630780435702752,-0.034667
1.8175000000000001,-10.001725004060509,0.2964184887642757,-0.9565413703688493,-0.016493,0.2808844650923665,-0.034667
1.82,-9.686672018341357,-0.18598441715061242,-1.656350016532177,-0.021309613657015104,0.26145,-0.010731525156303118
1.8225,-9.687947,-0.352702,-1.68759,-0.024893,0.26246802728847224,-0.014966
1.825,-9.712960255241255,-0.3490018069883541,-1.6503660459234741,-0.023881543760399696,0.26632759168053244,-0.01527796006655563
1.8275000000000001,-10.05224433332064,-0.23713200820170144,-1.16927345724074,-0.010215826565176358,0.2664047467998732,-0.02214077129717772
1.83,-9.894613579255868,-0.0026232767200360836,-1.4926311027910912,-0.01698042527633977,0.2672882510776641,-0.030313794701986706
1.8325,-9.77433829585292,0.22721024492901776,-1.676659344109848,-0.021708140777286455,0.267864,-0.02530010831743066
1.835,-9.671532989946016,-0.030631366988192826,-1.9026732029091804,-0.01764423424096821,0.26654814836091834,-0.01596490932906214
1.8375000000000001,-9.730286711799256,-0.17044958686599784,-1.6717501069941147,-0.012894944474105458,0.2635082296849972,-0.013684503790709969
1.84,-10.004773389549078,-0.10536688375015146,-1.0508829329541993,-0.01757032553004165,0.2809789573111241,-0.021605320480666098
1.8425,-9.936705384254394,-0.1729317054107445,-1.2645957046591223,-0.017123526119007443,0.27220413900264984,-0.018651396241869476
1.845,-9.749467065852151,-0.15761755695745683,-1.6127704922557649,-0.014813,0.26020274069883526,-0.02326971980984067
1.8475000000000001,-9.69792949752924,0.19845325758692706,-1.5596630712770365,-0.015556758557923578,0.2658889883992954,-0.02592497008171715
1.85,-9.58480254496896,0.12028195851209725,-1.5984761979971842,-0.01926739513590898,0.26846725140676914,-0.01664512398664724
1.8525,-9.461218924028778,-0.1463688721223025,-1.8508955342805766,-0.022912784496402903,0.258854,-0.020381281654676342
1.855,-9.537243620600163,-0.1604140749994081,-1.8997781437694263,-0.02416237815680233,0.25941274761238275,-0.025984317708456883
1.8575,-9.726308024603785,-0.10211506807546498,-1.5137921528301843,-0.018591815471698133,0.2710129526037731,-0.022225453886792902
1.86,-9.544064412715603,-0.10329776803991289,-1.6908635824946614,-0.020096596920883895,0.2728586718745545,-0.022846136935139125
1.8625,-9.424073282352941,-0.005686461176465707,-1.89697658636255,-0.0226625063625451,0.2718105478031212,-0.027433560528211425
1.865,-9.579102855865886,0.21112762209077918,-1.7864131825462617,-0.023372829549264604,0.2697022155306026,-0.029369533809900383
1.8675,-9.873863,0.321616,-1.341463,-0.020311,0.27730139251217717,-0.025351
1.87,-9.894758765849058,0.092700597456401,-1.2198321448435572,-0.02333844187007419,0.27775817633627864,-0.021128336809171026
1.8725,-9.765702493270618,-0.25981569022338463,-1.6274160177098986,-0.028691671751704912,0.26763290455678307,-0.023567610703033724
1.875,-9.588046310495098,-0.29106031049509745,-2.063253676189323,-0.02313787955453335,0.2637802996005326,-0.02705326909575112
1.8775,-9.556058977667183,-0.2072924853499239,-1.968087204416809,-0.014736011757387394,0.26937806370139916,-0.025040373748056077
1.8800000000000001,-9.63302132048511,-0.15597475717566767,-1.6388248165821184,-0.011464290637281,0.2832656396524981,-0.022921858940003634
1.8825,-9.789813726311007,0.0004520440510796253,-1.5291801195732,-0.019587071079237565,0.27757003355606075,-0.025816126786776354
1.885,-9.849736883247942,0.06371091313788935,-1.5097187825025435,-0.023188323924905198,0.27487179756219365,-0.02633271122537685
1.8875,-9.776983862313884,-0.0006369173032449438,-1.6137763499491333,-0.02059670332007773,0.27627888511976323,-0.02359272094700828
1.8900000000000001,-9.550830669759705,-0.15634365572038827,-1.886418652116908,-0.02035258167065481,0.276722,-0.02093047580984127
1.8925,-9.685265673701307,-0.22729526876622497,-1.4764754068830994,-0.02481807707792173,0.27811975961038976,-0.02861630168831182
1.895,-9.532547544863563,-0.051731212100678256,-1.9085635292073744,-0.014642583598825781,0.2764411799008614,-0.022467411299870087
1.8975,-9.442349016148999,-0.0067825805630691155,-2.1375304614370245,-0.020884888387314025,0.2736667100765196,-0.026166367977284707
1.9000000000000001,-9.390621023631955,0.049628717462542375,-2.290462420564606,-0.026281507493899944,0.2728211862669934,-0.029399209689787195
1.9025,-9.831074497623614,0.14988841794379892,-1.4338016377993856,-0.019605370965311376,0.2939190858295402,-0.023479828152565888
1.905,-10.058713139520506,-0.13397896506267923,-0.8997671135402264,-0.014054310376049768,0.2955130684532066,-0.010941495543385815
1.9075,-9.943562665360023,-0.40546709408787807,-1.4790550539222354,-0.023379081343455208,0.27969627368760064,-0.02475184793190693
1.9100000000000001,-9.2807950798679,-0.19096344931665427,-2.3348964257481932,-0.011970433536211442,0.2872308445576785,-0.027459764098450856
1.9125,-9.39564371186601,-0.04210309173546689,-2.0233752729731744,-0.013229516301014434,0.28332744062278825,-0.026829810442714454
1.915,-9.774565378201522,0.07481868158180004,-1.547883903640296,-0.019304321516793167,0.2862935803250271,-0.029296207952329404
1.9175,-10.107366241446071,0.1251262717374251,-1.2653146429825157,-0.023400636751100046,0.292207354244262,-0.02942912890950179
1.92,-9.900672675142872,-0.08712338779681651,-1.7141092400888742,-0.01900702022857154,0.2958286217904763,-0.022597607968254094
1.9225,-9.533068702688526,-0.3181249404590156,-2.0494696146885163,-0.02073291619672206,0.2892303779672127,-0.026334411934427357
1.925,-9.736774963779913,-0.20748200808939407,-1.5912918658569084,-0.02170388247297457,0.2885534785375926,-0.03157173926879632
1.9275,-9.826319539582878,-0.10915481513940731,-1.3549916630164636,-0.021266811055982417,0.2900214760570801,-0.027358325005488536
1.93,-9.67572008086716,0.008140327729732819,-1.850555481450066,-0.021902899930145738,0.2859726194845238,-0.027087627187763377
1.9325,-9.594835040371732,0.10040311052776318,-2.1896006057503388,-0.022926059894447206,0.2834451116750806,-0.02915248071133542
1.935,-9.550197952215514,-0.16142580020132416,-2.1815642223065814,-0.021848060069025028,0.2871404678113316,-0.02006958226632157
1.9375,-9.708845460358546,-0.21671202257693414,-1.9529071015243025,-0.022078764883520275,0.2879079759850446,-0.02152769700891573
1.94,-9.869394531509496,-0.26972973770801345,-1.7235332521468245,-0.022307167298477513,0.2892775498595536,-0.023315631752625826
1.9425000000000001,-9.847389350150722,-0.32587665157789814,-1.8138908520201518,-0.017203111839194995,0.2948899578291451,-0.027729480603014833
1.945,-9.592316184598735,-0.045152974742286786,-2.1566823198258294,-0.016859412021652177,0.297491,-0.03814684481995746
1.9475,-9.81065517568369,0.17687417080724954,-1.6676329144316293,-0.01770710761120264,0.297491,-0.03126903518945632
1.95,-9.939404436982455,0.17705286474854282,-1.4660497107602313,-0.01859473775438595,0.2963945370760234,-0.024072565146198967
1.9525000000000001,-9.958832526694737,-0.09347729044211872,-1.6152449058947442,-0.019531097726315835,0.29396012378947356,-0.016487252210525938
1.955,-9.747585875650932,-0.32925937375296427,-2.265612477958986,-0.02102582996661911,0.2780670017548903,-0.026878662622795556
1.9575,-9.659567857127326,-0.15415618610137172,-2.071109691561352,-0.011999420394075202,0.2921168559967387,-0.02790503638537841
1.96,-9.574031421339223,-0.09624155648868202,-1.9382585714993301,-0.00905997036043842,0.29268218418487263,-0.026930712879564576
1.9625000000000001,-9.555222258731243,-0.025563082196436798,-1.9528232828103782,-0.016367884993179125,0.2889667116643923,-0.03154646248294712
1.965,-9.660435300273575,0.19137197695798472,-1.9942591476975946,-0.02108106993856992,0.28448125572282756,-0.03247290818576439
1.9675,-9.798501344446743,0.13521027594621993,-1.8271127672388814,-0.01996656033092031,0.28760507044467426,-0.027489
1.97,-9.66510213016632,-0.2195081836815747,-1.8499205236654257,-0.01877277651865003,0.28721922754077184,-0.026322554270951103
1.9725000000000001,-9.525813317987584,-0.2595273075923412,-2.052072992203586,-0.023575836767913815,0.28479548781517455,-0.026406786579102243
1.975,-9.717202585786804,-0.14370831979695534,-1.9793076685279147,-0.022517450761421115,0.27870537055837574,-0.030691959898477027
1.9775,-9.752685618236866,-0.17273780965271632,-1.9282993162729725,-0.016749323160365818,0.2810819726090828,-0.02718594839795997
1.98,-9.68351755435377,-0.18762528061386224,-2.080588079654704,-0.011167116837982542,0.2804017345983534,-0.02476372833186789
1.9825000000000002,-9.693538155949165,0.15457792861963546,-2.0535317848485315,-0.016030746066661633,0.28948950501478754,-0.034107126340021346
1.985,-10.048652097677355,0.13906027442987928,-1.4100605082303423,-0.019180349661538282,0.2931311874602196,-0.02380993557802153
1.9875,-9.798931608771923,-0.16119247827261135,-1.8383690529014982,-0.017193700269905663,0.28642067732793497,-0.017148505668016366
1.99,-9.54929863154893,-0.35340715654569066,-2.2818610899157488,-0.021686,0.28102563899546334,-0.02633820957874268
1.9925,-9.591056011302767,-0.26368719056489587,-2.0704275423829834,-0.018213221918471464,0.289856,-0.031096363522438848
1.995,-9.661644,-0.27977,-1.719273,-0.007941,0.28878916972841495,-0.025504
1.9975,-9.589014549983519,0.07957273461052916,-1.9347401369640114,-0.013507186641563227,0.2925442215768421,-0.03425103002118225
2.0,-9.553275113266471,0.2579955503573359,-1.953412805657318,-0.016764614557684226,0.302629278902168,-0.030893539907513062
2.0025,-9.559451295549849,-0.06225528550079565,-1.823346085855709,-0.016305518346953048,0.2960322791594687,-0.018653819519029013
2.005,-9.87863857663847,-0.15776227271485171,-1.4913446246968198,-0.030185384196879432,0.28829899985094287,-0.036787605043087
2.0075,-9.616827522515349,-0.1485163087306892,-1.9701973162083384,-0.022974541709495064,0.2965037956773537,-0.030074146249515217
2.0100000000000002,-9.264598135833548,-0.22070803143590245,-2.6115741306408204,-0.021516836836144686,0.29128423223460614,-0.02845317471776831
2.0125,-9.083716598374767,-0.06750527754811306,-2.8139372680751364,-0.024562378918041375,0.2844355386579983,-0.03948336090086245
2.015,-9.90021134791886,0.4371729869972752,-1.236756284334244,-0.02222303403923794,0.31490883014393595,-0.03126141497696023
2.0175,-9.851674796678541,0.09354430593129986,-1.400232724689568,-0.02016881931119656,0.31087710996722234,-0.0215248157313189
2.02,-9.799334506781115,-0.23836149356223127,-1.6149755251502285,-0.019475483090129083,0.30515815828326137,-0.014800171845494245
2.0225,-9.832018244532948,-0.23118614100321622,-1.8799200417546034,-0.02470313786628349,0.30218258640114953,-0.03248700255936493
2.025,-9.747370887321889,-0.2980365141926501,-1.9130279937790016,-0.018598009070922916,0.307571,-0.029719985375784026
2.0275,-9.498661315996486,-0.3719273069653645,-2.1529305790543027,-0.011301,0.3042271837875037,-0.023671
2.0300000000000002,-9.405313801296321,-0.21589310240735687,-2.4767965804629233,-0.012761424175927955,0.29375307198148326,-0.025503159027780324
2.0325,-9.604400272101994,0.16099888305348095,-2.142437717300984,-0.025171242611939374,0.30966846783582164,-0.040522436305968815
2.035,-9.665134888789298,0.13078379667507295,-2.007349023462233,-0.013700595677629497,0.3183367190458975,-0.023751594101915238
2.0375,-9.714320137122657,-0.3012935695283133,-1.8511801595754478,-0.021956660896227075,0.309861,-0.028173532594340724
2.04,-9.788378,-0.357484,-1.73362,-0.025198,0.31608965948838863,-0.033598
2.0425,-9.662670285961271,-0.363608612073689,-1.945225449598481,-0.021990467505904693,0.3173851374681154,-0.032698210680207875
2.045,-9.362127549400627,-0.2651383679242985,-2.4569441772302913,-0.015397992899053435,0.30264359583596223,-0.035581173129337146
2.0475,-9.551727956265607,0.056368761519213065,-2.1714207941632155,-0.021481259990198336,0.30516489624111615,-0.046022831850036944
2.05,-9.631534373245282,0.21648530744868916,-2.0696265654782513,-0.02200634628362268,0.3207275747254495,-0.036381240394717185
2.0525,-9.436871,0.015543,-2.330224,-0.0197,0.3188980797055751,-0.022144
2.055,-9.451574425424743,0.009317226767796203,-2.3170439394900733,-0.01979730324089073,0.3041794985499333,-0.022524681964930883
2.0575,-9.947328950874828,-0.28971214387619115,-1.765308615423942,-0.018735487025571256,0.324522,-0.030953939865409674
2.06,-9.603173101054777,-0.2971063174425033,-2.0913843522649103,-0.013331349206502046,0.3198854111571341,-0.03155930770138481
2.0625,-9.274578027411641,-0.18080065612970952,-2.5232857591274933,-0.015132705120727865,0.31250470628718063,-0.037689702204595825
2.065,-9.399606227288073,0.09224001074757085,-2.473932282233356,-0.02261421757272452,0.3076974132436658,-0.040035785767907596
2.0675,-9.758562867603283,0.14132583368796245,-2.002410705667726,-0.017263886413140014,0.3136784384788374,-0.029040861089072258
2.07,-9.818426638752374,-0.22300020681904711,-1.8741379642412763,-0.015520963622221735,0.3157341378476192,-0.023858135790475344
2.0725000000000002,-9.792997164212,-0.2127653051098317,-1.95106422881572,-0.02214167646131839,0.31614059995224536,-0.03451974328557812
2.075,-9.41457052419084,-0.2496424012344815,-2.4311565119094953,-0.02229292351032653,0.31582621970404284,-0.03303806742106463
2.0775,-9.175219108592795,-0.3205446224574686,-2.5956083021127134,-0.019060591338570628,0.30605256060407277,-0.030576523682404648
2.08,-9.393232702747317,-0.12308906817786033,-2.2695428340324826,-0.018328003728167164,0.30238802301578815,-0.041813265959881336
2.0825,-9.469951829134171,0.11501946852632483,-2.1277278046978503,-0.017732971106137398,0.31955435022264106,-0.03265506330545402
2.085,-9.250649863812335,-0.14930324733423778,-2.6036556233335992,-0.021567552633846628,0.3143447602010694,-0.026809079932976876
2.0875,-9.388269636612302,-0.14704188565488466,-2.4407280981945774,-0.021836195097932033,0.30822641133603174,-0.030238
2.09,-9.676084364784572,-0.20183864300964052,-1.9858421206945305,-0.019278587163987275,0.319635,-0.03047500864308678
2.0925000000000002,-9.56394650253609,-0.30371572473312913,-2.045209116057299,-0.016844272463022267,0.319635,-0.031130330329143592
2.095,-9.40294936032873,-0.14291751692649618,-2.4040712617889004,-0.022449889035346525,0.31203735419133494,-0.04106132290433253
2.0975,-9.393764227982224,0.05355596926222808,-2.6009952963022167,-0.020922,0.31692818707555653,-0.040775
2.1,-9.487537392827523,0.03835817865332864,-2.3402543390095043,-0.016819762673822708,0.3234801541595513,-0.036592171724810746
2.1025,-9.645202559157648,-0.054841260473531106,-2.04537511649256,-0.016403121551457643,0.3283443484687687,-0.03258619675907197
2.105,-9.785233048019354,-0.23988604229124313,-1.9241811213110656,-0.022697195801467153,0.3266968336663026,-0.032757613887935064
2.1075,-9.693383589296975,-0.28802699132377635,-2.092178220460838,-0.022060632438278834,0.3198881852950856,-0.03546055285680677
2.11,-9.254350901526294,-0.10806519459371011,-2.4998761183847003,-0.019461511000494255,0.32671673675292545,-0.037147175447502755
2.1125,-9.160846681687826,0.022116716993562532,-2.5721996906543545,-0.02394824793143202,0.3305441169276411,-0.03965497794626651
2.115,-9.28152439485541,0.06435087947331532,-2.545206299120617,-0.025152099590877084,0.32753664335762955,-0.03767072208793769
2.1175,-9.401003,0.085485,-2.511955,-0.025656,0.3264725091041521,-0.035583
2.12,-9.592583127625462,-0.2609726147947866,-2.139793997601891,-0.0217673736861859,0.3365795869758938,-0.03320191380262721
2.1225,-9.52381646108454,-0.31767533448684143,-2.257422398598857,-0.023462108221142315,0.3364251991319829,-0.03451219233411926
2.125,-9.432542596836555,-0.37218702050380786,-2.4001980119507906,-0.024908870181605158,0.3355009493848858,-0.03599601687170474
2.1275,-9.158162500616765,-0.31936528312012585,-2.773069563710072,-0.022474727678839103,0.32605532717406743,-0.040025199693982084
2.13,-9.298359610124582,-0.04196417234604061,-2.7526348873905504,-0.018935199117123686,0.32413373335706624,-0.04399652202207205
2.1325,-9.626938803797124,0.13344171829827842,-2.3205390793428258,-0.017525656426700176,0.3326082217350579,-0.04020114448765811
2.1350000000000002,-9.650607878988751,0.10749537488760501,-2.025433203258471,-0.022921148202247225,0.33989752752808977,-0.03467779539325808
2.1375,-9.516640144612374,-0.23071270921502984,-2.52658727235499,-0.02238640399804947,0.3360497112627977,-0.03167812481716233
2.14,-9.525903680932018,-0.3575282779451322,-2.776416110943928,-0.020311,0.3286703972294234,-0.03146
2.1425,-9.758774647662644,-0.353464203225105,-2.457216882942352,-0.017395630679285626,0.3291587897735715,-0.03409749865580479
2.145,-9.888640329832349,-0.23098698189374248,-2.058123029978749,-0.013257168434474657,0.3347186980637545,-0.04041669358677686
2.1475,-9.721754569378987,-0.21137477293034265,-2.142490687386067,-0.019023717440377723,0.3421868618417945,-0.04098431117355371
2.15,-9.412103822047234,0.001455773228346302,-2.6707426204724527,-0.02299364409448823,0.33397047401574836,-0.04084392440944914
2.1525,-9.673291912747018,-0.09372090760658672,-2.4690570591471053,-0.021357594748642277,0.32629005959089324,-0.03272353515774904
2.1550000000000002,-9.780566306360036,-0.36980377982793583,-2.5107854446624573,-0.018850782657180543,0.3271077704367968,-0.032283684894110466
2.1575,-9.807765413389896,-0.4005418009052261,-2.422535763036317,-0.017543319915134272,0.33044975715228775,-0.03865569774634662
2.16,-9.632142215979291,-0.3066523606066237,-2.6012188981095874,-0.016140313867857727,0.34333180230425503,-0.04511611282859108
2.1625,-9.468327320155417,-0.18814644835077318,-2.776104053441157,-0.013356152093244634,0.33136153905803967,-0.03933870130034903
2.165,-9.714801109518246,-0.07347844664171675,-2.4863055897754833,-0.01607969757717488,0.3239707649485502,-0.04344420999999996
2.1675,-9.938858762191918,0.11281684955964713,-2.1556901063161327,-0.013710042040749246,0.33434098920801836,-0.03969001692737436
2.17,-9.632608522126658,-0.1651519801449243,-2.5388280607183304,-0.015542899218651563,0.33794488484562096,-0.03268652959987373
2.1725,-9.482514976871464,-0.27870972159419727,-2.759524567032125,-0.014911903579080057,0.3263408419974801,-0.041263610381222005
2.1750000000000003,-9.747935773076927,-0.1397116962912085,-2.534625685302177,-0.01839658539377221,0.3243006409340655,-0.042536675091574425
2.1775,-9.75986177645106,-0.12969155747079852,-2.4211970258397253,-0.01540295060169224,0.3212334468691098,-0.038395100323802105
2.18,-9.670267300168778,-0.08800629804499396,-2.5948765761040855,-0.02357352358649775,0.3205302397327711,-0.0413061206047821
2.1825,-9.63520293723062,0.014905154800540096,-2.5832455889500054,-0.019394093204951404,0.32786712276937224,-0.038730754011920415
2.185,-9.470649519007797,-0.1719594148951768,-2.602284783244761,-0.018203954380789877,0.3292382114163822,-0.031056888091174916
2.1875,-9.523958477287835,-0.25149795324617774,-2.609922244626634,-0.023880976955462,0.32005758985154,-0.036854404387325505
2.19,-9.722637944713266,-0.1947017033331345,-2.4363698727501077,-0.02654835740716381,0.3183811866220175,-0.04389996764456139
2.1925,-9.789574,-0.176949,-2.327235,-0.025656,0.3233688175151217,-0.043677
2.195,-9.630714548942027,-0.235565484022813,-2.4820165552333817,-0.024136878646331548,0.32372456970448255,-0.0438506544709245
2.1975000000000002,-9.249036244979438,-0.22121485470419006,-2.8214263955330536,-0.021540704093641384,0.3219177836317624,-0.0453007532173364
2.2,-9.286637458155024,-0.03720614861563905,-2.751513222705819,-0.022460517833393125,0.325030668480232,-0.04600741535485369
2.2025,-9.549635204052557,-0.022615057704615762,-2.5406648660630053,-0.016037050758271422,0.3236830253791357,-0.03896247542820948
2.205,-9.540370271246458,-0.2049257811237059,-2.5376243535032965,-0.017715,0.32514913658168115,-0.03708255304060449
2.2075,-9.37708870189842,-0.31561784757968464,-2.4707579662066594,-0.016471081513134818,0.33093532239579676,-0.04046730062346759
2.21,-9.07491930797675,-0.30596439309865986,-2.9521760744453376,-0.01553599885354426,0.324217,-0.040900552342967814
2.2125,-9.078825094315476,-0.23521017934629118,-3.0307162799621215,-0.018434422832780743,0.3241855375177641,-0.04465459298910453
2.215,-9.472843638535155,0.031955180170894694,-2.534456581835946,-0.01642975005371103,0.32516364771484224,-0.04849196441406325
2.2175000000000002,-9.437953781328703,0.0035033971823168475,-2.4563083738935267,-0.015337103392492566,0.344900739283807,-0.03696454356525766
2.22,-9.19045261585116,-0.29650430643779535,-2.6787766331713585,-0.01653513394373081,0.3413031986266057,-0.03263333485932702
2.2225,-9.31061765125278,-0.35634501700382104,-2.7945915462215827,-0.016770081648903874,0.333838,-0.039930445525839464
2.225,-9.447250009090908,-0.42303703041526897,-2.6427796721661045,-0.011897697081930184,0.3362216991021327,-0.03946476442199777
2.2275,-9.374152847087956,-0.4704527400163492,-2.697682309468525,-0.006263350533816106,0.3409484373320874,-0.04338051258030625
2.23,-9.335175196398104,0.02409935620853042,-2.6241284637914695,-0.011428360094786743,0.35416572104265404,-0.055623967298578256
2.2325,-9.33032531688171,0.07866506464454821,-2.567743796988105,-0.009646926934906715,0.3553274811819324,-0.047492660518425614
2.235,-9.327357831187468,0.11281434227678609,-2.5279400169892305,-0.007829941944834166,0.35571812264142205,-0.03912691899018301
2.2375000000000003,-9.446113793518014,-0.29420941138483275,-2.716354690253355,-0.007896828945198393,0.3409189744490269,-0.032233043347084815
2.24,-9.64749591620214,-0.45682110627870653,-2.593694995457415,-0.012263048524219989,0.3419627170500535,-0.044007304856936075
2.2425,-9.497357347652521,-0.4017761059456033,-2.774362159113045,-0.009906664538565715,0.351553,-0.047600582317938726
2.245,-9.071272255309733,-0.4202473592035219,-3.0698103923893783,-0.007941,0.3515907943362832,-0.044899
2.2475,-9.174801361377428,0.013105160466775817,-2.906981063493869,-0.009431573636883774,0.35284565930213935,-0.04759173040613224
2.25,-9.553771400353442,0.20905626435858302,-2.5352570020081933,-0.013171696521808982,0.3546581416178006,-0.04776879179050526
2.2525,-9.687442740366782,-0.020011662548758677,-2.437697321200789,-0.014501939203364053,0.3537951256021495,-0.03654572129891378
2.255,-9.53557978255785,-0.34315549027312814,-2.7003654341516583,-0.01634277086760918,0.35109027001285326,-0.036156913110539604
2.2575,-9.288745248581781,-0.48624605358296547,-3.016168918502185,-0.01639775847649694,0.35359575847649694,-0.040653735836078696
2.2600000000000002,-8.979102423103056,-0.47088489399393557,-3.3733910298580914,-0.01090002968132079,0.34805030944870846,-0.041796181632938634
2.2625,-9.316656606624536,-0.14152323370671158,-2.857748113005238,-0.00862071466147146,0.3461371935703855,-0.04849394417925005
2.265,-9.648041125111464,0.028021047276197177,-2.531438470826078,-0.009460945714626287,0.3526964505471453,-0.04790762475146019
2.2675,-9.647235743885084,0.009026153824051288,-2.6068793111382553,-0.009316,0.3589796679210056,-0.04510833207899439
2.27,-9.321874354025356,-0.16435440506497706,-2.9217019112963554,-0.009709300516640259,0.3571159008272582,-0.04129701922028527
2.2725,-9.334989735036492,-0.2717979154014588,-2.9157966808029223,-0.011296853065693377,0.34733263868613135,-0.04297173664233574
2.275,-9.540842692610612,-0.34279545702763414,-2.7486010548214854,-0.014966,0.351858,-0.04497316723994789
2.2775,-9.289013328931373,-0.3870274018925528,-3.016523616902429,-0.014791881020860083,0.35168416599463936,-0.04384975594918995
2.2800000000000002,-9.236207335330796,-0.2662457726078317,-3.1347442036337037,-0.014302170162991358,0.3516195466826463,-0.047174272857143366
2.2825,-9.463485256501034,-0.00011706016367113437,-2.695309821795723,-0.013404483600996041,0.3554684156849732,-0.049353019575375946
2.285,-9.543495464703437,-0.07263464365719975,-2.6216279514835636,-0.011832092008268479,0.36100811287645057,-0.04161860651295873
2.2875,-9.232527830813936,-0.3593269162790704,-3.1355882587209667,-0.014347941279070017,0.35304234883720886,-0.0428804593023267
2.29,-9.259405689991672,-0.3659547226990361,-3.1491132812709717,-0.013771439966678536,0.35173136661192433,-0.04723317026300129
2.2925,-9.349697676819629,-0.36628950437074065,-2.926805839600184,-0.009932170322580713,0.35407076421626527,-0.046321319727396636
2.295,-9.32895248327295,-0.25575845624194804,-2.742987958796439,-0.005002750316241863,0.35812,-0.048056736739330586
2.2975,-9.375335530836121,-0.028145860911810643,-2.7608726907727426,-0.007898901580707418,0.35790420531596556,-0.0501919281605353
2.3000000000000003,-9.353804037700547,-0.046126596256694984,-2.937545564973271,-0.011411717914437838,0.35644,-0.046363901069518015
2.3025,-9.488239496719183,-0.1732951352168852,-2.9411635658444113,-0.006414,0.3559752076956625,-0.041081
2.305,-9.557993854577212,-0.26308941889466364,-2.7663317708833466,-0.014592893670288,0.3659562412092585,-0.047989887057156434
2.3075,-9.251532411554074,-0.2849264970240916,-3.09537016468589,-0.012323744496929521,0.3675635294095419,-0.049218880538497926
2.31,-9.105742866363933,-0.18467254518325726,-3.247199927810572,-0.010295418047356435,0.3667804131819655,-0.05085376573467407
2.3125,-9.288161695870407,0.0052988318503308235,-3.041038577230208,-0.01162768834131873,0.36344318275154003,-0.04721235728952772
2.315,-9.518455854766586,-0.08077785581112312,-2.7856225444607445,-0.011397848341978236,0.36127486667859066,-0.0444725810338043
2.3175,-9.638090596956946,-0.16059678499190472,-2.6743779489154997,-0.010147242680478959,0.36140602738750366,-0.0460346325024279
2.32,-9.562931290146555,-0.21086898951587635,-2.862880613419255,-0.013800298244051023,0.37007962907513814,-0.04763899501113587
2.3225000000000002,-9.265364216523768,-0.2975476438914977,-3.2686436173796563,-0.015952007417071496,0.3640189737236491,-0.04915971785856403
2.325,-9.52074387956939,-0.3016320565138259,-2.9717505050441266,-0.020268452764000282,0.3581790191605182,-0.05602330451191443
2.3275,-9.692549923942352,-0.05982102669656094,-2.730662447663736,-0.008812760195356496,0.36420960827862303,-0.0508112225172136
2.33,-9.642049856286222,-0.1262896654597473,-2.8339610096601104,-0.012973716889684041,0.3670037459511031,-0.047909303122242244
2.3325,-9.492494748348792,-0.14291104437848082,-3.061274707606683,-0.014652293803339505,0.3655182427829314,-0.04841242582560287
2.335,-9.446436,-0.191296,-3.15758,-0.014355,0.3637206121170011,-0.046273
2.3375,-9.452140394144335,-0.21967012492080426,-3.166544189572808,-0.014638918465884696,0.3615942020374968,-0.047011113654652666
2.34,-9.498654731405455,-0.41524823008800227,-3.2170881105731577,-0.016733080703923695,0.3614782059500591,-0.05231608070392369
2.3425000000000002,-9.636485198592071,-0.24939420935457468,-2.864708612160652,-0.01928778499430975,0.36610597424158664,-0.054668479655340385
2.345,-9.356492101091485,-0.2253955375064586,-3.1530150053493644,-0.018246572966360976,0.36468855666901856,-0.0527054233450953
2.3475,-9.193010928782204,-0.1081949724927129,-3.460357089015259,-0.017396394000698742,0.3583974963524061,-0.05192680535601886
2.35,-9.442071529085798,-0.1594488260175403,-3.166159584533482,-0.011576170037570364,0.35544877971196,-0.046907399968691095
2.3525,-9.711188435989179,-0.3641484942625262,-2.7738995901779138,-0.00969476303353283,0.35718300394195296,-0.04325318961056004
2.355,-9.741469779039777,-0.5410601267168752,-2.8900708896022547,-0.009366181863967983,0.3574412271452107,-0.04832331844669324
2.3575,-9.463297645414892,-0.43059931574206267,-3.395172389113322,-0.010673008563300106,0.349873,-0.05938010715030815
2.36,-9.340418702812778,-0.25757175462466836,-3.4471444244485774,-0.011780612085264448,0.3498073060426322,-0.061123073952734294
2.3625000000000003,-9.567606425615098,-0.006892763209936391,-3.1624947377787658,-0.008684516118649024,0.3485139352034957,-0.05585751805012604
2.365,-9.486937848148315,0.01019366942181274,-3.202560754769468,-0.014054287474994251,0.35361950205416,-0.055589816852891015
2.3675,-9.291446897675728,-0.09368860814924798,-3.430762789784827,-0.014234914261118201,0.3557614072883783,-0.049988179167860455
2.37,-9.23617659509383,-0.2925610190764212,-3.441090017784571,-0.01415467858815237,0.3495087890746512,-0.04598095201129484
2.3725,-9.348261021925328,-0.33106860580056874,-3.2099890626310885,-0.01740945365613469,0.3459115683610999,-0.04902696466475196
2.375,-9.778105158798283,-0.10267082975679542,-2.5780068898426323,-0.022008543633762517,0.3534485007153076,-0.05727976680972818
2.3775,-9.576159,-0.243305,-2.901124,-0.022755,0.34864700825360917,-0.051313
2.38,-9.209751353660506,0.14027559653741742,-3.4190853821643685,-0.02227216832355611,0.358578,-0.06289817826489277
2.3825,-9.391820595116123,0.10559562194877886,-3.0701936853989826,-0.021202937871893996,0.358578,-0.05541356510325798
2.3850000000000002,-9.566979736258617,0.05927624713398694,-2.7327507186487594,-0.020140650025426737,0.3585504900544859,-0.047853725390482126
2.3875,-9.458307632085553,-0.3734068363636455,-2.910605465240664,-0.02038261925133715,0.35665130802139006,-0.0437481925133702
2.39,-9.333106855286896,-0.4612526668888555,-3.159717487313323,-0.02108887712623785,0.3553001367395065,-0.05359908909919822
2.3925,-9.197785464411556,-0.4945050162085988,-3.317838646680766,-0.017527271346018187,0.3540066983791398,-0.054592231317829636
2.395,-9.211077251635958,-0.38616677201244076,-3.3626683985674393,-0.01580787795804421,0.3446558416048497,-0.06312812859854838
2.3975,-9.266076942780185,-0.06314424631132494,-3.283437995853397,-0.018860672203085415,0.3497724717753651,-0.071317822342666
2.4,-9.026112934446973,0.166238650351993,-3.509325398687499,-0.022332407994272715,0.3629058106431215,-0.06409192005727288
2.4025,-8.855131997167204,-0.005297984282322293,-3.6107592837612708,-0.023796728280435706,0.35929142457603047,-0.053440007200379044
2.4050000000000002,-9.111788334135374,-0.15446128180453714,-3.25422365939844,-0.025667226165413594,0.3565934651127827,-0.052109703007518965
2.4075,-9.325025393836325,-0.42853175987250114,-2.9248950568757,-0.02413258550478148,0.3627451147290117,-0.054375679319872784
2.41,-9.126096482083291,-0.5870936670181931,-3.3499026198301873,-0.01775530588596826,0.3614772844706832,-0.06051265924787759
2.4125,-9.027554368878285,-0.4562284495942597,-3.591168062004767,-0.016435171169451264,0.35934934477326974,-0.06875815408114579
2.415,-9.121747300361774,-0.11545115914575493,-3.410586787345079,-0.02126828673590843,0.360563,-0.07367289124985396
2.4175,-9.325082,0.04902,-3.286107,-0.016952,0.36295075816146133,-0.064752
2.42,-9.309875102541262,-0.06701191368553272,-3.2704833320066347,-0.018016228438758514,0.36768550770907377,-0.06267651061517822
2.4225,-9.235227482951789,-0.35929929111542325,-3.3018077260886365,-0.020006,0.3648813257574282,-0.058796
2.4250000000000003,-9.12555716055307,-0.5084972139446774,-3.4983254817773437,-0.01313114924367806,0.360716,-0.0638809270503433
2.4275,-9.228894312961483,-0.3529357227038392,-3.365728077551395,-0.01729410253131683,0.360716,-0.06936854087213472
2.43,-9.288616,-0.263032,-3.289096,-0.0197,0.36238769540253757,-0.07254
2.4325,-9.104210287380418,-0.09554029281079193,-3.576319513785918,-0.01953078227198504,0.3633317269325865,-0.06830345386517299
2.435,-9.0057020606079,-0.026469066560700596,-3.6873372048510555,-0.02177880977006619,0.3617912328726567,-0.06331479348662254
2.4375,-9.135153011725487,-0.11859481997930796,-3.4639409983906195,-0.023885541326589262,0.36519896103000343,-0.06026474882170364
2.44,-9.343552646753498,-0.33641189235821617,-3.2191050378221817,-0.022322218373918037,0.37196186309845486,-0.05596555800339781
2.4425,-9.362881671066587,-0.5867741681178568,-3.3077302132846116,-0.02088455094401867,0.3697356144914556,-0.05919317614613949
2.445,-9.355321226701628,-0.502104918734496,-3.422713602973838,-0.022606424368700227,0.36985630239235545,-0.06989260465186731
2.4475000000000002,-9.32683317082328,-0.3596664721971552,-3.438783459367245,-0.020833443216220777,0.37265568200664245,-0.07119881888481047
2.45,-9.17623,-0.204448,-3.45648,-0.016952,0.3729638924177391,-0.065973
2.4525,-9.307488911940826,-0.25540059007662125,-3.2371617456021005,-0.019144913872655347,0.3729849462023779,-0.06349705478467621
2.455,-9.450317959409587,-0.32499403415784794,-3.008968723804333,-0.021745495017259905,0.37434697115581467,-0.06059231078204973
2.4575,-9.179897495578693,-0.5716119018456011,-3.6717522367205273,-0.024050515748653526,0.3732784911406344,-0.06271013893476969
2.46,-9.03167202074863,-0.472409664146867,-3.695507443391879,-0.02241994143844882,0.377515,-0.06838788416434878
2.4625,-8.914177631416893,-0.3911062959345629,-3.6332874430117883,-0.01866764253067073,0.3732021076256923,-0.06482352076016366
2.465,-9.072245244981369,-0.2334861372279809,-3.3719010204385778,-0.024022710864708086,0.371689005775755,-0.0698317632602396
2.4675000000000002,-9.17236027717469,-0.061876969219329656,-3.236525645799303,-0.0257260990334566,0.3761301017100385,-0.07020069754646634
2.47,-8.84892768185554,-0.4185911893914983,-3.8951227433696864,-0.018797966574996078,0.370642,-0.0553358939244512
2.4725,-8.856853736415363,-0.4384059114651505,-3.907506944665719,-0.019177489103840702,0.370642,-0.06090360543385523
2.475,-8.858201,-0.441774,-3.909612,-0.019242,0.3738678473394497,-0.06185
2.4775,-8.8998013306912,-0.4975254533764333,-3.863237683202384,-0.01567070816509176,0.37712160866235706,-0.06272100505221288
2.48,-8.953941600290685,-0.5402936741461167,-3.768897749015848,-0.007167047415539228,0.377667,-0.06803552870197134
2.4825,-9.04946274886557,-0.2684649579734587,-3.5421838262380962,-0.009608737032378073,0.38031082394129945,-0.07402640622408564
2.485,-9.416239829901278,-0.07930318530945243,-3.098931789570487,-0.01189318205667525,0.387594,-0.06912798025849001
2.4875000000000003,-9.05809257132246,-0.34176135424597515,-3.795129053642758,-0.00733,0.3841403952668196,-0.056352
2.49,-8.820332155120443,-0.5280627650395977,-4.139976533763362,-0.011451946207235327,0.37624129791459177,-0.06047394620723533
2.4925,-8.906271099662906,-0.49224673849173023,-3.9820567865505807,-0.018494707484370942,0.38120092701748853,-0.06824546339162763
2.495,-9.075687664496797,-0.48337712770877406,-3.5952738549892747,-0.013069722655246082,0.38478994929336213,-0.06623008239828722
2.4975,-9.269749110837235,-0.304652780887232,-3.2643840359929035,-0.010923820074205616,0.39054825655750935,-0.07212196876270374
2.5,-9.377291863129805,0.04943752158216921,-3.3349144313294614,-0.015476369800659237,0.39483542489405116,-0.07546914471825458
2.5025,-9.327605062213154,-0.04944314584209489,-3.4588845549521245,-0.017110706589232423,0.3920712067304976,-0.0667979429351752
2.505,-9.209132512798814,-0.19389783662953144,-3.6971667951893057,-0.009541386191536563,0.38308161057164086,-0.05870638295471402
2.5075,-9.191319687525073,-0.48617812275250366,-3.7678755896944245,-0.012276673552601031,0.3801282464287378,-0.06182066322369949
2.5100000000000002,-9.183556858777134,-0.5015619157151937,-3.803638968218398,-0.00880555680395866,0.38336684186143066,-0.06322760133461064
2.5125,-9.072280744453632,-0.41808613538532924,-3.901263540428565,-0.006082752977388786,0.385914,-0.06490903151414713
2.515,-8.955658394589378,-0.22988183900160214,-3.9966815250305965,-0.01110719111755258,0.38481029128502403,-0.06715804290499212
2.5175,-9.086781337839906,-0.0842918055631256,-3.8957447777520944,-0.01602982057063662,0.38425680615455715,-0.06839419384544283
2.52,-9.20929644206997,-0.1680484590962122,-3.7470153548655674,-0.018286353284742457,0.38564241481697437,-0.06218393152575311
2.5225,-9.234545595759519,-0.39742558111978066,-3.88722271872878,-0.01816399066085354,0.3809917587058284,-0.059834085208811214
2.525,-9.258086640617101,-0.37904872160639763,-3.7983200981144294,-0.018469426120316906,0.3829314325524443,-0.06614122007999354
2.5275,-9.010476586773628,-0.41872151040998223,-4.077873838680914,-0.012913873493761446,0.38563535568627594,-0.06449428723707672
2.5300000000000002,-9.132226243608049,-0.3528051576721526,-4.035157402567565,-0.012847831935271316,0.379934855525322,-0.06842861991489413
2.5325,-9.328220306851982,-0.2479627442900154,-3.871681768072478,-0.013615379209667627,0.37931782957824783,-0.07075805443867011
2.535,-9.383755788901983,-0.1938352978868596,-3.7508840452143546,-0.014003593230278978,0.38339585466772946,-0.06597697249402383
2.5375,-9.247224429170158,-0.2487041211830859,-3.842681227182363,-0.014368267273380298,0.38676560500538826,-0.06517526772841581
2.54,-9.285654475532453,-0.22833772642092237,-3.630178370664775,-0.013103500554505385,0.37748496633270306,-0.06498999641146816
2.5425,-9.29981640463659,-0.3999843084367993,-3.657551194204261,-0.014316248882082706,0.369115,-0.06365921113912122
2.545,-9.047436994082044,-0.4933773114489855,-4.033919065707628,-0.016131050130849943,0.3685227207674401,-0.06791819576463007
2.5475,-8.958497123933043,-0.44387372464330893,-4.193960411952443,-0.020438839299124042,0.36919883127659536,-0.07481810898310394
2.5500000000000003,-8.934243020724637,-0.3460591661431758,-4.130615394361264,-0.017685005317175442,0.3768456230246083,-0.0734223814517123
2.5525,-9.14879477589083,-0.21679272876441233,-3.587560012096914,-0.016273468900918058,0.38219749999529273,-0.07098474481525058
2.555,-9.39788957589772,-0.19954272445098822,-3.221956514237888,-0.016174970290584838,0.3800505301882991,-0.06863412107245226
2.5575,-9.400597977713755,-0.2627904759476715,-3.312538119351525,-0.013880891975969117,0.3784712942506787,-0.06424294368200131
2.56,-9.07718764824979,-0.5660909822326637,-4.033892402563689,-0.015332804911374608,0.37235506682474445,-0.06075650266463223
2.5625,-8.897418763113366,-0.7276423526710177,-4.253142459270002,-0.014845442832970752,0.36584627411167514,-0.07152881145757796
2.565,-9.005118547989357,-0.3002188938975638,-3.903507098152402,-0.008047948706208759,0.37309677567348803,-0.08152374582495109
2.5675,-9.214738168007568,-0.16839002079320267,-3.4507482637440816,-0.009553302525967967,0.3824119665250234,-0.07220956627478768
2.57,-8.975997922560706,-0.10696398657818687,-3.7868249402427803,-0.01281972359663255,0.38220901392360035,-0.07095040498866934
2.5725000000000002,-8.869050847569746,-0.0821853593109781,-3.993836829405583,-0.020889867807521275,0.37665746920824916,-0.07175465598059005
2.575,-8.78434068367346,-0.2984221832560479,-4.029640166326547,-0.02126958441558427,0.377515,-0.0682086518552871
2.5775,-8.666831833267793,-0.5751900819519299,-4.192077401909273,-0.01921704936160122,0.37764673995972997,-0.06518041463934666
2.58,-8.693803836479237,-0.6444743195239531,-4.115043029287536,-0.01851170237060706,0.380754361035144,-0.07367442053993632
2.5825,-8.846908191719416,-0.37883373244213403,-3.9455861997449206,-0.018867464851204517,0.3867720370854984,-0.07820256061407647
2.585,-9.011462184401061,-0.09349493252858816,-3.8273789559362372,-0.014781800813214695,0.38973576725424514,-0.07148165615802242
2.5875,-9.141797140972619,-0.19305635768741702,-3.7719868416426032,-0.0179261964421854,0.38585130008085955,-0.07175903158137922
2.59,-9.225243810884352,-0.3159358212244807,-3.745603637551019,-0.018684244625850513,0.3853003417687072,-0.06979449061224521
2.5925000000000002,-9.143180869814776,-0.5152688519074409,-3.8736919135741243,-0.015760691370370113,0.3876830696666661,-0.06588821064814832
2.595,-8.891155966869626,-0.7042790277002143,-4.160930318197442,-0.013740114627680848,0.3850567577090531,-0.07105428513133667
2.5975,-8.91530763927989,-0.5628897240696125,-4.05704789976073,-0.01206258680089995,0.3879674085846267,-0.07954204988274317
2.6,-9.130505485604614,-0.2339869010876514,-3.7894866432501546,-0.01342146039667337,0.391565,-0.07954657146513108
2.6025,-9.283236,-0.221784,-3.663917,-0.020159,0.39017687393978523,-0.078038
2.605,-9.265493198224359,-0.23054279203359143,-3.686564733686858,-0.02025486404319134,0.38434452248590273,-0.07778226487342536
2.6075,-8.82333172337251,-0.4627174893477366,-4.204100922249389,-0.02136525988169427,0.3939153282656361,-0.07129673611799046
2.61,-8.678747128384549,-0.595852475642705,-4.2021648119191655,-0.016974351835465702,0.39426729946669836,-0.06884511830682749
2.6125000000000003,-8.975355666047406,-0.6135092197634728,-3.9329730506755345,-0.015839094003377588,0.39447738454391773,-0.07396186021959546
2.615,-9.193384138289561,-0.44090788307229034,-3.73935614725886,-0.01360232152653398,0.3953257484969052,-0.07649760231504305
2.6175,-9.086151644833176,-0.3922037212157296,-3.9910777745293307,-0.011834243261674935,0.3973659920237208,-0.0757453247146029
2.62,-8.889178885461222,-0.4150764362282329,-4.245826603183714,-0.011546801012231172,0.39832982276074,-0.07515483110441651
2.6225,-8.831805681398716,-0.3903775355797499,-4.269982677027729,-0.0112275106763092,0.39968965960740677,-0.07513904594452823
2.625,-8.992660881618084,-0.3715281319452707,-3.9282859714455682,-0.006219150624628198,0.3961340370017846,-0.07108693087447947
2.6275,-9.151610345458263,-0.5387038592453993,-3.646801647863536,-0.0048307943279358645,0.40307766722527927,-0.06955176247445362
2.63,-9.104418606892706,-0.6455845899975889,-3.982151061501576,-0.004707410777427387,0.3925441993024943,-0.0740190986970206
2.6325,-9.015936363017206,-0.35916524634714986,-4.130739354016094,-0.011108831796166601,0.397673,-0.08103150143289647
2.6350000000000002,-8.903339389968654,-0.2658424362453388,-4.158648886129995,-0.008399,0.39919206406103996,-0.080023
2.6375,-8.973841166215765,-0.2266766537634374,-3.9890550862989698,-0.010200170447451124,0.4007892645855013,-0.07839340971210494
2.64,-9.143003952323724,-0.24750766991358333,-3.728837891824563,-0.014602839948307866,0.40112783994830786,-0.07243122788789252
2.6425,-9.129560370517591,-0.38617306209906593,-3.712756178722738,-0.01316525359452129,0.3994884800573338,-0.0687973477432712
2.645,-8.897986689230768,-0.5800463367032976,-4.120907226373631,-0.008759367912087925,0.394161,-0.0679256307692308
2.6475,-8.615494,-0.68209,-4.549258,-0.010232,0.3988934985025942,-0.071166
2.65,-8.738870064352417,-0.47542680045815844,-4.267698709885474,-0.006897624176211594,0.40249917229955945,-0.073468455647577
2.6525,-8.923281367596788,-0.27121799774574396,-3.9566160169808304,-0.004028123636363582,0.4033283821565589,-0.07471181978791873
2.6550000000000002,-9.039575186348108,-0.23292185453924838,-3.9271650850512194,-0.006876825597270169,0.4059114009556317,-0.07277057795221852
2.6575,-8.822667366348883,-0.3368829461036905,-4.2267609005969815,-0.012456531892642758,0.40776964023600165,-0.07140251049976797
2.66,-8.606081929434305,-0.5944702107563192,-4.487516085437903,-0.015842578419080922,0.39712771538337543,-0.0667256423234866
2.6625,-8.676229471117646,-0.6078457823699563,-4.447686704964672,-0.013792562369007466,0.40054507175304677,-0.07409138032149488
2.665,-8.748702249488218,-0.6181765929302502,-4.404575903901301,-0.011685212229143635,0.403935,-0.08139957279589594
2.6675,-9.003743878844235,-0.3260499445089182,-4.093436393693221,-0.00462435157669441,0.40501680601189055,-0.08029607102497031
2.67,-8.943799442083202,-0.305216940299401,-4.185924215121337,-0.0057534681184997745,0.407753,-0.07690735664355501
2.6725,-8.941341400454164,-0.37688332845223743,-4.266859450163721,-0.00837604512489525,0.40573826820126735,-0.07593543925899379
2.6750000000000003,-8.949848534885602,-0.5824648301883805,-4.462950219160803,-0.007794227326379804,0.3973007965235662,-0.07334743427924624
2.6775,-8.931374573595274,-0.63385857666012,-4.474991988369363,-0.0009804284479363865,0.3981738095874286,-0.07337892479371384
2.68,-9.086223321762555,-0.4764226490637885,-4.182534670557106,-0.00047411237278937874,0.4062617396535283,-0.07738220948149956
2.6825,-9.246072928304146,-0.31471552951786935,-3.888091131379231,-0.0017645528184217002,0.40880461714080113,-0.07916771362437024
2.685,-9.118585298331226,-0.33256287029022213,-4.203980613977931,-0.003542568924290299,0.40433526532176634,-0.07708837958044161
2.6875,-8.933460016873331,-0.3856465634908178,-4.737442327264166,-0.006984071809762989,0.397154240307644,-0.07638865837388165
2.69,-8.803610579653254,-0.4052758056805615,-4.882824679099979,-0.009616723939505826,0.39829008665437093,-0.07864620386573228
2.6925,-9.233988601036707,-0.43117238695463306,-4.216572758185765,-0.005651,0.40479734462203004,-0.076053
2.695,-9.466563146078355,-0.6787362951804841,-3.742720584362881,-0.005651,0.4086263779327366,-0.076053
2.6975000000000002,-9.212430070601078,-0.4937344101021071,-4.083425206833006,-0.0029452021667851084,0.4100159326966024,-0.08399593914469054
2.7,-8.998651480416177,-0.14280072372963631,-4.372942606613988,-0.001010362768188491,0.4058387155186314,-0.08521978948217404
2.7025,-8.824909493540774,-0.17235918533526326,-4.567405614679207,-0.0017145656005788422,0.39496937495899576,-0.07893464000482377
2.705,-9.01476666570589,-0.25867271910702083,-4.528383507841422,-0.0023203968125844773,0.3886255675570035,-0.07664862945896556
2.7075,-9.08418667200972,-0.40606751546051,-4.4069324665953795,-0.003087510153098386,0.3985999740072905,-0.07541584937059537
2.71,-8.871422539489446,-0.4670417632902587,-4.3267463033848035,-0.0008452946359911576,0.406836,-0.07333791755436499
2.7125,-8.593973,-0.624701,-4.615016,-0.001833,0.40336743619294324,-0.071166
2.715,-8.68356591330459,-0.5191597948499382,-4.548642269527993,-0.003510611216020459,0.38862127359084325,-0.07395194884119767
2.7175000000000002,-8.970216714010888,-0.19223679813706196,-4.320757494015093,-0.008765405408633504,0.3946150306433366,-0.07811647613788682
2.72,-8.87107637914718,-0.3260183969151338,-4.37725066841678,-0.0070438090470900695,0.39888005689284384,-0.06968754675565464
2.7225,-8.70763430685167,-0.7173432769745448,-4.499655089644001,-0.012829768819471728,0.39888051480853104,-0.07341333887259217
2.725,-8.859254538006496,-0.6313897578453784,-4.209130092918119,-0.00855117234579764,0.40163035991343066,-0.08013242068053368
2.7275,-8.900071808170901,-0.7038278288227061,-4.221577070993297,-0.005328779928270665,0.40495559630750017,-0.07756870516139096
2.73,-8.851861691196943,-0.7905939537243856,-4.376411852150694,-0.003073137968526423,0.389971776976633,-0.08242897337148257
2.7325,-8.839565401707704,-0.2735966454395449,-4.308155362526087,-0.001862175322921717,0.40077003670190264,-0.08633051152151702
2.735,-8.695478187310178,-0.2655444585442475,-4.362043351133463,0.0001274117465806763,0.40337818427291305,-0.08030004983493166
2.7375000000000003,-8.616329833392804,-0.40986508019980644,-4.43954547656081,-0.00040277516946194086,0.40129280392436567,-0.07928840699250796
2.74,-8.665423479874475,-0.5943885104827956,-4.427409141837804,-0.006267071239137903,0.39677127335049917,-0.07863368302542639
2.7425,-8.568780914309821,-0.7571050237879757,-4.677537800788109,-0.009676092191860906,0.3963826707353105,-0.07993233545209388
2.745,-8.341291391547415,-0.7020042908675883,-4.969366302838134,-0.007324691162348451,0.38929092651295466,-0.0876082503826958
2.7475,-8.281846205415217,-0.4009281711049024,-4.9710140883088965,-0.007025,0.39311742954640644,-0.093004
2.75,-8.434285858236006,-0.2082025300040274,-4.537283422070077,-0.00570879661699557,0.4048824361659283,-0.0888532029802658
2.7525,-8.554260878770691,-0.1902737427580155,-4.4087194034154455,-0.003635715136633604,0.4106390361695051,-0.08026960887445546
2.755,-8.662475916845768,-0.3938073011490771,-4.440824858906713,-0.006397476147941541,0.40536284606652806,-0.07928479118864828
2.7575,-8.735291742961001,-0.7132520369102548,-4.708591187656172,-0.005607646785308518,0.39786066361226796,-0.08515502065884097
2.7600000000000002,-8.592344819735406,-0.7155910050352954,-4.8577359810571386,-0.0004639075588770301,0.4030652846010565,-0.0866898078400665
2.7625,-8.506235749145771,-0.6258168776050248,-4.875042975250093,0.0036879748499305093,0.40833040797291087,-0.08893945134677597
2.765,-8.685207837038641,-0.2919914023641515,-4.551829954200384,0.0004834994797597303,0.41215060097275685,-0.09645717800215522
2.7675,-8.773736933080027,-0.04116261984326738,-4.0345103238565745,-0.005116141087627755,0.41516968328663006,-0.0891965421990023
2.77,-8.714178871013592,-0.23149224932983886,-4.404740385442408,-0.01054154366801818,0.4076905725160982,-0.08038728642976385
2.7725,-8.559328245781527,-0.6562796751090061,-4.901777802643897,-0.014613972001384371,0.4019917236267158,-0.07670572362671581
2.775,-8.367299744472838,-0.968935544440905,-4.84955981920129,-0.0027333310543131853,0.4170712990095846,-0.08617157731629371
2.7775,-8.536025003105422,-0.6755428071118377,-4.510605952159764,-0.0003028457891375183,0.4175830241980831,-0.09231060453674086
2.7800000000000002,-8.957754278726414,-0.2617431395672318,-4.161167233625996,-0.009299949879443303,0.4146277915239568,-0.09616634475424961
2.7825,-8.802255482015443,-0.24527304126738667,-4.45811601552398,-0.006453236210200705,0.41512290739412677,-0.08824611150540897
2.785,-8.629436685985917,-0.37940332413583155,-4.7600057944570375,-0.005652027519118986,0.4144801476121137,-0.0839427366191494
2.7875,-8.490313135059665,-0.5907620002625417,-4.899793746443898,-0.004766004940334007,0.4144814691408116,-0.08229269021479728
2.79,-8.575211323639596,-0.7968127188729215,-4.525028780519938,-0.0029093761730986656,0.41671715089294364,-0.08604135955110613
2.7925,-8.768754877093317,-0.7890858942307701,-4.310699241759143,-0.002385730302648197,0.4159479926860026,-0.08968429048234548
2.795,-8.937441279443844,-0.6572808716963023,-4.211710723361133,0.0008176645580948664,0.41181533673800036,-0.09510264413009296
2.7975,-8.798184413440419,-0.26725921445261247,-4.491859464344258,-0.007703819837866523,0.4082075407470266,-0.09791148602166853
2.8000000000000003,-8.67945596189104,-0.21881768844608923,-4.696547473702576,-0.007339173740434842,0.4016558275323881,-0.09342292294870776
2.8025,-8.440065962036362,-0.2729322084962568,-4.878198674786932,-0.006805353922305679,0.4108345006954887,-0.08296817696115284
2.805,-8.698132079097315,-0.46306972748364017,-4.4748376158699195,-0.005807478699345055,0.41096,-0.0824674707109925
2.8075,-8.772704173121964,-0.7271191926755141,-4.3539826703591205,-0.008677076881268193,0.4092597923261077,-0.08424918773212582
2.81,-8.678727764270725,-0.774565327206831,-4.697866862917085,-0.007313074699713281,0.4023323318970452,-0.09199495084842774
2.8125,-8.554225894354202,-0.43354427356570147,-4.938763405134809,-0.0016242815836483735,0.4059623732291969,-0.09668298101449878
2.815,-8.493810038992981,-0.3257336193909707,-5.036418062107928,-0.0015576320352291152,0.4065609123110797,-0.09615065586307177
2.8175,-8.63487964225435,-0.3106842918010159,-4.717651951629504,-0.004188815790247338,0.416305,-0.08734183742220082
2.82,-8.678689593838143,-0.5769965481352173,-4.629736332305349,-0.006261,0.41534315369741487,-0.082161
2.8225000000000002,-8.759668803332472,-0.808170351283497,-4.62416802712041,-0.008061486604954714,0.4138029140955719,-0.08536162252689694
2.825,-8.646252566362541,-0.8528772258823497,-4.921907440492209,-0.007818485990395925,0.4097152876950776,-0.0933410296758707
2.8275,-8.584074778063266,-0.7538602354117204,-5.093079784399912,-0.0058249711084280755,0.40576346585848844,-0.09771038056508101
2.83,-8.520673031683613,-0.4369417350121035,-5.259329803725582,-0.008997945704600456,0.4096121394414851,-0.09982625258434209
2.8325,-8.386603407638418,-0.3301926359322026,-5.147014534870055,-0.007964603254237281,0.4119386409943503,-0.09556170499435025
2.835,-8.688759169399267,-0.2592782637790587,-4.616731308603801,-0.008812562341555545,0.4201101841425707,-0.0910137653440341
2.8375,-8.752503858612974,-0.5217133872365421,-4.667980984363582,-0.008641020534557764,0.414014,-0.08659393688920264
2.84,-8.656630796370926,-0.702312249514349,-5.071568905464408,-0.010330829259940803,0.41217573540923297,-0.090408
2.8425000000000002,-8.462820657488429,-0.8210386816913611,-5.375857164860944,-0.008354167933270736,0.4085232793929563,-0.09262702744671088
2.845,-8.652585795620388,-0.5445054225101297,-4.931614400889272,-0.0029412443605067035,0.41066014843891996,-0.09855670202247195
2.8475,-8.887019402203883,-0.22073485384566097,-4.487118745785957,-0.0031147839949193686,0.4142485498253408,-0.09762470633216859
2.85,-9.036916947826075,-0.151125424149362,-4.386052360916848,-0.009213009971644813,0.404545,-0.09126399021739107
2.8525,-8.70656323694825,-0.722748019003613,-5.035556718267156,-0.012967027119133518,0.40423427869073403,-0.08683718347051753
2.855,-8.424743721410868,-0.9215004106959009,-5.558178506139185,-0.009035346901811318,0.4025460541849381,-0.09205798470924675
2.8575,-8.546493588124529,-0.7145161107997087,-5.078747932182065,-0.0041760141599404155,0.405413975977752,-0.09994314073933379
2.86,-8.721117622559172,-0.438525262214284,-4.736078863821698,-0.0023031817684860912,0.4095447466623281,-0.10219507156918578
2.8625000000000003,-8.858803682016143,-0.1797315761688878,-4.575574684182601,-0.005391718868134215,0.40796818899082476,-0.0998945770089527
2.865,-8.619628005023477,-0.3329246300422244,-5.194890335981029,-0.007343842189234137,0.3991044142395071,-0.089186
2.8675,-8.616060807656629,-0.5000025466957659,-5.195485117529998,-0.008331497838273718,0.4031296331837802,-0.089186
2.87,-8.6133613589387,-0.666625936292579,-5.193906009508756,-0.009290943019002892,0.407142,-0.08919272240946585
2.8725,-8.826518,-0.686274,-4.653275,-0.003054,0.40710361194684075,-0.090866
2.875,-8.858319483922829,-0.643351575562701,-4.568600827974277,-0.006642726688102894,0.4059423424437299,-0.0935076109324759
2.8775,-8.799533052703115,-0.5138509422156616,-4.6265667652584685,-0.012941650694239408,0.4016840160709012,-0.09840582534711971
2.88,-8.346629200506339,-0.40910088873108863,-5.365109740067915,-0.010616401309045918,0.3951086982401977,-0.0960847695461563
2.8825,-8.200174841783246,-0.4491027586720361,-5.422055804240008,-0.011614232231444357,0.39509291883329345,-0.09359908116670655
2.8850000000000002,-8.401837780428444,-0.5377953300355786,-4.989001624529247,-0.008449689374752692,0.4007887644360135,-0.0879032355639865
2.8875,-8.453381678328167,-0.5518788506979387,-4.909204970391615,-0.008249745409587566,0.4005077386775148,-0.08980265865837195
2.89,-8.701377387974807,-0.6168776823673957,-4.535212027339855,-0.0074836166578926,0.4040841213655581,-0.10002077542633855
2.8925,-8.25408561105838,-0.4971889403259755,-5.380304367914179,-0.012673004291314295,0.39097677866721686,-0.0977895487518051
2.895,-8.091437078675892,-0.5070530575184777,-5.548435108463596,-0.012589328089322189,0.391106,-0.0950475406919327
2.8975,-8.030645103883199,-0.5096856527239538,-5.546643505752607,-0.00913759299214473,0.391689364827422,-0.09552483510592719
2.9,-8.305195131603577,-0.5624073185114636,-4.924927711100554,-0.009010296215186866,0.39461219866698394,-0.09438166012854086
2.9025,-8.524366063684026,-0.5548078136157857,-4.576487204011939,-0.01174188569718741,0.4103791000454826,-0.09493616687971286
2.9050000000000002,-8.379089201293873,-0.7205662657703963,-5.0184202950085846,-0.011352171286564171,0.4000142236225859,-0.09575484744724241
2.9075,-8.144388961690126,-0.7440513222535128,-5.3317812797746775,-0.012537273126760515,0.397979,-0.09997201667605642
2.91,-7.965075418622903,-0.6373196971387829,-5.703328642725638,-0.01190832629801386,0.39798657437983154,-0.10109478626233781
2.9125,-8.066215989035937,-0.6490112834593517,-5.220477725756091,-0.00773407448015092,0.40731578520794026,-0.09948778086011352
2.915,-8.331802526859907,-0.6440362013478266,-4.828964795657003,-0.005186676007246363,0.4128772378961353,-0.10064466071980678
2.9175,-8.453268532901236,-0.7255724616697513,-4.832322590759256,-0.0040279123672839635,0.412998063058642,-0.1011440316265432
2.92,-8.316872744259262,-0.979016355398141,-5.2453790079444325,-0.0021742953796296824,0.4083029345648149,-0.10064967982407408
2.9225,-8.328399420100991,-0.5091039312178655,-5.458019374393452,-0.0017371809794478926,0.4050987689724009,-0.1113552010381679
2.9250000000000003,-8.344268340675908,-0.3159940573011098,-5.09078299808942,-0.002322343389258791,0.4181750341173648,-0.10834785725294928
2.9275,-8.195700323565847,-0.30184570907228925,-5.082199600214412,-0.0020420685930485722,0.4240430837739412,-0.1025257345850084
2.93,-8.087039,-0.422047,-5.294715,-0.008552,0.41611193673053554,-0.104
2.9325,-8.107504984136687,-0.483786741620287,-5.3242204243177245,-0.010033276777551746,0.41008767981443756,-0.10343339451459596
2.935,-8.215084686585202,-0.7107243185260946,-5.281649733492471,-0.008136640735057338,0.40889563359666586,-0.10846937792554706
2.9375,-8.118003752107606,-0.6278940652647532,-5.345182592782041,-0.009577849199583216,0.4165555920242493,-0.1098341059960216
2.94,-8.022548239510204,-0.5437162992364982,-5.399801270040827,-0.011051342674669794,0.4240837762208884,-0.11109396584873961
2.9425,-8.039297808329696,-0.4363202502858411,-5.111852917336682,-0.013744,0.4218428141568136,-0.107054
2.945,-8.129748301365852,-0.5762257780017528,-5.352627501568096,-0.012990845261215113,0.41400270538159106,-0.10665209821362658
2.9475000000000002,-8.287574934677517,-0.7386374361012918,-5.2463790236406815,-0.010782667634973417,0.41051070459627437,-0.10624517962732938
2.95,-8.518788462142396,-0.758700600311201,-4.966666313177766,-0.0074282174745653245,0.4225567155475762,-0.10826114001196865
2.9525,-8.183379155628552,-0.7514092822494987,-5.183974394990525,-0.0013069144848778045,0.4204485044943288,-0.10819372427693819
2.955,-8.26530279633288,-0.42716170896992095,-4.999424706790082,-0.009775543639990447,0.4155726203016035,-0.11248534999122299
2.9575,-8.225984484761828,-0.5165945550044648,-5.268219122749333,-0.010518497447050235,0.4095471698579891,-0.10735173307798425
2.96,-8.152991563671343,-0.7433995569508387,-5.5991513109760085,-0.011205809152220348,0.4106797971503206,-0.1064803816955593
2.9625,-8.084663064102537,-0.8846475538461688,-5.606098397435949,-0.010465494871795218,0.418823030769229,-0.10706070256410201
2.965,-8.349467271656316,-0.7872274546300726,-5.053060835539399,-0.005635833229117152,0.428675,-0.10880343874940343
2.9675000000000002,-8.32627689487985,-0.7657961904138957,-4.941151472141105,-0.0029163931016863358,0.42473549939703437,-0.10709324283086336
2.97,-8.169003273194868,-0.7761771591241411,-5.246403191910769,-0.00518791793971062,0.4184151340327555,-0.1079339350344174
2.9725,-8.129482,-0.790889,-5.414873,-0.007178,0.4168905528194301,-0.109039
2.975,-8.169098674340606,-0.8288801849145769,-5.478665388599328,-0.004323283048578605,0.42032434658688295,-0.10618462289583472
2.9775,-8.387524050457715,-0.9201358048214726,-5.299474690486439,0.00029906056074759807,0.421122473424395,-0.1049460436903909
2.98,-8.663696881904531,-0.8402854123746553,-4.853941170532646,-0.001151728656967652,0.4258157091258867,-0.11058251737886256
2.9825,-8.44047214887772,-0.8333431682480057,-5.2350515794471795,-0.0015133818601297984,0.42752570291756814,-0.1096127020716177
2.985,-7.99345486785172,-0.7405860309862268,-5.875998016874988,-0.001842003414923926,0.42124953839591284,-0.11101655771625454
2.9875000000000003,-7.951837249682512,-0.5420658730336885,-5.8623025679041465,-0.0019560693209573323,0.4192741578407438,-0.11155310273570947
2.99,-8.388069116724848,-0.6079405847599093,-5.252551950280384,0.003350911787456338,0.42196641824957426,-0.10141262128960236
2.9925,-8.282693176387461,-0.8404307100241142,-5.366033352897204,-0.0003199979027804613,0.42657847620995737,-0.10489493152295326
2.995,-8.13500192317707,-0.9152611534118276,-5.488558518625972,-0.001591885937148316,0.4303052437530939,-0.10810383711392796
2.9975,-7.93099642749721,-0.7568608158915056,-5.63613626242471,0.0006416163376973869,0.43161604689015426,-0.11025085889743433
3.0,-7.831632570363412,-0.7958704532965419,-5.868353399812129,-0.00048680484940996887,0.4249409399988258,-0.10733592473433921
3.0025,-8.387515926177175,-0.4661781299374028,-5.242581673818008,-0.001052460515166072,0.4153936068753008,-0.1076321348338952
3.005,-8.526597481687805,-0.6937594315737384,-5.198875008467736,-0.0015817476334051641,0.42046868710217744,-0.10212557381829794
3.0075000000000003,-8.394384031937724,-0.8034452125480303,-5.361174050300482,-0.0018163926587354338,0.42320754055836995,-0.10168552356225789
3.0100000000000002,-7.97880410019786,-0.889877640600051,-5.831135061485558,-0.003825320901718817,0.41923926940317746,-0.10770779427830068
3.0125,-8.023341301032094,-0.7695727202656203,-5.734884354876379,-0.0016203977118170274,0.40988023249860045,-0.11037543697895826
3.015,-8.185884262574417,-0.7465523762638703,-5.573742825700929,-0.002666304381498555,0.4173564658587303,-0.10945250928648251
3.0175,-8.473767966644829,-0.37895796664482934,-5.000907917880211,0.000305,0.41633509455779194,-0.107818
3.02,-8.372081041024904,-0.4879398197246776,-5.2601877273175806,-0.0012041492193841275,0.42125997752526445,-0.10459077914219776
3.0225,-8.171384741463187,-0.7725067102797558,-5.5831311339154865,-0.004555996745873785,0.404851,-0.09890003990635605
3.025,-8.176709,-1.001913,-5.566713,-0.005803,0.40248597492411886,-0.100487
3.0275,-8.211744893745498,-0.8700823787126271,-5.508814869380314,0.00011346677482805545,0.40642713785052537,-0.10427965784860536
3.0300000000000002,-8.247250177123563,-0.7364872995076985,-5.450137832717136,0.006108924811775408,0.41050109729729817,-0.10812294472007673
3.0325,-8.329901595087499,-0.5239665640984937,-5.092319695114419,0.00038449904822214715,0.4160781163227488,-0.10366716405099351
3.035,-8.329903522880235,-0.4147628597807943,-5.105025664244345,-0.0022852439866491983,0.4102162807057654,-0.10053256999523011
3.0375,-8.105113365453064,-0.881087794335006,-5.7364543783996735,-0.0030591589593803106,0.3913154418421409,-0.10063317183806567
3.04,-8.094414662352017,-0.8692573188695256,-5.710756010281048,0.000458,0.3953281876055898,-0.10344199316376196
3.0425,-8.005347306634443,-0.9456537193280966,-5.646288921638672,0.0010712897063443875,0.407294,-0.10390503446042292
3.045,-7.86107,-0.949306,-5.55954,0.003054,0.4089134159700898,-0.107054
3.0475,-7.883041936438001,-0.8571628388954552,-5.560529723883495,0.002725361340124227,0.4114730610027059,-0.10745863117618962
3.0500000000000003,-7.993785037567748,-0.39275810954848217,-5.565518906947627,0.001069058832029227,0.40790498897049965,-0.10949787494280484
3.0525,-8.165191780611966,-0.6709998891307071,-5.5553721237688,0.0014094232151521252,0.4114911502088409,-0.10503322243807703
3.055,-8.197188921649015,-0.8319526093759477,-5.476188312273068,0.0008381301550681804,0.415083,-0.10530938841527984
3.0575,-8.187113629183056,-0.8669221629009092,-5.431143466282147,0.0024279482488654236,0.415083,-0.10485480057866867
3.06,-7.888357564394444,-0.8360351064111049,-5.707319104916664,0.0035100787416666125,0.41312180286388883,-0.10720734030000015
3.0625,-7.944123187336969,-0.57185888854636,-5.579655610860802,-0.000905734764050273,0.4110580218164572,-0.1129359836376571
3.065,-8.131652170866776,-0.4585485137592027,-5.4547771773513825,-0.005898611560199543,0.4100042775176126,-0.11163454760072837
3.0675,-8.104626397612378,-0.5916899431179465,-5.545696065926941,-0.004078174073033596,0.4113903617977526,-0.10634940971910133
3.0700000000000003,-7.7514935499358675,-0.9530281877962541,-5.831873475727849,0.001792870151982718,0.41648768843980066,-0.10846203720256486
3.0725000000000002,-7.623847910838269,-1.0066167462194304,-5.773074408446919,0.0001761806055567256,0.4177240170648303,-0.10979298916646889
3.075,-7.593013268938709,-0.9509867966605525,-5.721481349313812,0.0010752897529737798,0.418443,-0.11112868924977136
3.0775,-7.697738764936064,-0.7767098597344624,-5.69217803598925,0.003837683052862812,0.4187271701229943,-0.1127708199853386
3.08,-7.807513406584674,-0.7670081616127716,-5.7238343208015,-0.0015098239407022778,0.42042255446770394,-0.11590194291113473
3.0825,-8.018889,-0.490794,-5.752032,0.005345,0.42234516244056886,-0.113163
3.085,-8.016460744534191,-0.49915175108764887,-5.746511917209733,0.0052007277925655016,0.4246823674346031,-0.11296103307939437
3.0875,-7.888079173386715,-0.8768402915292173,-5.558478614411522,-0.0004740660688551388,0.422362689223379,-0.10502162110488382
3.09,-7.739524750148927,-1.0474769361665235,-5.771774420208155,0.001064796867894228,0.41479766253322703,-0.10720104728262597
3.0925000000000002,-7.931403657466177,-0.9035665215889502,-5.839397973316435,0.0027698484830261227,0.4129201180375089,-0.11567357892854335
3.095,-7.9943995345889105,-0.5573348083152376,-5.678186777494646,0.0036568689340825255,0.41279316375405556,-0.11757457411410951
3.0975,-8.190529335755242,-0.5432154705544984,-5.220174318174014,0.002971721108986681,0.4275687987667304,-0.11280846995219856
3.1,-7.979117037088329,-0.6825522268781783,-5.481634223705618,0.0008567217489328341,0.4259209686931314,-0.10903698434656567
3.1025,-7.885066339709962,-0.8609769603846159,-5.7238446404602845,-0.004734,0.420947949542875,-0.107512
3.105,-7.804616299802401,-0.8955521598666822,-6.232579152348535,-0.004721698207356321,0.41189876073324594,-0.10753353015117238
3.1075,-8.303401659217602,-0.8750100964125695,-5.5284586005558785,0.0031272289179851316,0.423177,-0.11817633887380513
3.11,-8.47164130135807,-0.6558405008279603,-5.19287641827134,0.01167470535006482,0.42329849015128374,-0.11802024035182374
3.1125000000000003,-7.865762607351814,-0.6247267567593722,-5.785188930931109,0.001067619201931773,0.42516061920193177,-0.11737895530834402
3.115,-7.732371666548752,-0.7875085394554511,-6.160851860516673,-0.006678468494298602,0.41531384608331345,-0.1125028117710024
3.1175,-7.81773547396654,-0.8689079743747029,-6.062880297945636,-0.002672718170035524,0.40996663307089626,-0.11232249467259889
3.12,-7.904115364830596,-0.9483213942301266,-5.957703352244208,0.001389122348205346,0.40498006395169495,-0.11231653247903409
3.1225,-7.862778868294622,-0.9246300637902527,-5.881223090077407,0.005449068893883064,0.4269583925892641,-0.11716744356554316
3.125,-7.6656874044633065,-0.7220412029946116,-5.861486668351533,0.00809659973296457,0.43400811515902915,-0.11652101878784989
3.1275,-7.725767394178626,-0.659868661393354,-5.897057050338085,0.009700139493586347,0.4266774333908733,-0.1152989884869582
3.13,-7.785953061073592,-0.5983596697400877,-5.932356851445232,0.01130067445227108,0.4193505506533886,-0.11406795265484604
3.1325000000000003,-7.863297598108922,-0.9064151445745336,-5.877113949322521,0.011066783289833512,0.4168775641165906,-0.10926612953348461
3.1350000000000002,-7.774147743611776,-1.1170431473126707,-6.079414470707216,0.010691501733218688,0.4237604572946791,-0.11101798972571712
3.1375,-7.579675457393334,-1.0648429366052024,-6.481434319667418,0.014438402910340108,0.42695965292841676,-0.11390780596529304
3.14,-7.876764444725367,-0.7199335572743089,-5.908732283177826,0.013052813475561096,0.4273906697468556,-0.11989720500557222
3.1425,-7.965007599036939,-0.5852825648341349,-5.728881805103916,0.009350262235118575,0.426018186592424,-0.11721635854756485
3.145,-7.975822298257392,-0.733745170245472,-5.816387038876952,0.0009359969759233974,0.4228784617331974,-0.11545817841424201
3.1475,-7.854263615968893,-0.8131280191088777,-6.215796721924816,0.0013041290278677845,0.42222440076798445,-0.115454
3.15,-7.628330894515926,-0.8603986529327587,-6.360046966809807,0.007427419170242906,0.4292810716261316,-0.1139526163090128
3.1525,-8.023651580133924,-0.9019903867295319,-5.711098222142971,0.008832628139948078,0.43239595521115226,-0.11562834766160987
3.1550000000000002,-8.127083458887482,-0.8825033773153628,-5.5869763254485045,0.008335498709984063,0.42963999483993626,-0.11705080960697319
3.1575,-8.093256757652936,-0.8036103711723308,-5.836227829113955,0.006946247289206664,0.42481312800476967,-0.11882079068336343
3.16,-8.032890091852678,-0.7497079366353747,-6.129798935745698,0.00556132134079982,0.42035311179115087,-0.12027331639719212
3.1625,-8.11595771997254,-0.8147016669869869,-5.672550360054885,0.0068654967741936,0.4258489759780376,-0.11441477913520853
3.165,-8.034750772904335,-1.0421856625862715,-5.612819572594868,0.005475891587866849,0.42472120866019886,-0.11359575072086461
3.1675,-8.021112214375835,-1.035109090257219,-5.683718490052702,0.002876227087233569,0.4187741758861009,-0.11896930871706123
3.17,-8.138681050458725,-0.754713028073386,-5.6846413532109965,-0.0009376338532111851,0.41229405009174336,-0.1252281238532112
3.1725,-7.815904012004602,-0.9669615647844068,-6.0890263799587,0.004369893738531991,0.40692242033486203,-0.11977226088073394
3.1750000000000003,-7.601983362297279,-0.849322119136123,-6.277914423067794,0.005145018273870563,0.414301139640852,-0.12094504654695068
3.1775,-7.734205372899711,-0.6408988127694957,-5.992550813457127,0.002590593828995743,0.42174386070632014,-0.11998455126393916
3.18,-7.968587751629356,-0.7811047039482979,-5.715010079406205,0.00430142559080595,0.41536007391835206,-0.11411936593798616
3.1825,-8.00490320691451,-0.9788905000398729,-5.803947206117052,0.006982416648293544,0.4076,-0.11328080731793165
3.185,-8.038251979510763,-0.9504297890606641,-5.972332628522505,0.006822732361382993,0.4111459771526421,-0.117774425084801
3.1875,-7.933410494928049,-0.8982125712825352,-6.036193705826846,0.010057616576236534,0.4196930009436188,-0.1160950001572698
3.19,-7.49866084234962,-0.8651878280632233,-6.4374255362774155,0.010686745685303124,0.4249816432837933,-0.11697644054729887
3.1925,-7.894468888584757,-0.8401659536212494,-5.633864154568734,0.004236046522311224,0.413188230290705,-0.11775281391075511
3.1950000000000003,-7.84808210075636,-0.9094398767980137,-5.743500892663147,0.006555671421368221,0.407905,-0.1139308637756065
3.1975000000000002,-7.693284127726206,-1.084239424285023,-6.115459836146275,0.008800611289263549,0.4087611288795128,-0.1150236726488525
3.2,-7.570834586976285,-0.8939347120665222,-6.2328468518751174,0.007574883508551979,0.41402924098540766,-0.12069228080966542
3.2025,-7.329211813887609,-0.8201667621493536,-6.41512056597997,0.010248094848344698,0.41895682443725923,-0.11619147652040025
3.205,-7.397252207297924,-0.9798925745219444,-6.137169625847568,0.006549422614318601,0.41550516086836015,-0.11508155196304846
3.2075,-7.598644531865175,-0.8987865010763353,-6.065593246072793,0.011198851788698503,0.4111609407987537,-0.1186873717660388
3.21,-7.633308,-0.940937,-5.985174,0.012828,0.41246538860946497,-0.11805
3.2125,-7.587948185011266,-0.9156809594725037,-6.037100385525883,0.013215163525249209,0.4161281108394982,-0.11799828806690255
3.215,-7.368886167989608,-0.789427907911811,-6.2828409828794145,0.014840998028535467,0.4167221126329444,-0.11775763507133588
3.2175000000000002,-7.586972053198228,-0.7300049551828819,-5.816272203722368,-0.00018955226182144013,0.4136666567854643,-0.11758764362916331
3.22,-7.579527513915651,-0.9391043261333267,-6.072102417508737,0.0003076220628021668,0.4089521776899059,-0.11628367280651311
3.2225,-7.571853018456265,-1.0641882684776958,-6.256659367235121,-0.0004767079072045496,0.40297278489073846,-0.12000827740221605
3.225,-7.232180996353444,-1.0939629503506163,-6.632517443197744,0.0051915043478262665,0.4092933795231422,-0.1241299626928471
3.2275,-7.428098643395495,-0.8092484040270022,-6.234028759798641,0.008300355268275883,0.42165,-0.12249307412424203
3.23,-7.648502073673501,-0.9050472520878418,-5.763293436789926,0.0066883173809139185,0.420518635882448,-0.12101336411755206
3.2325,-7.852721123281122,-0.8373656886810948,-5.670925535171574,0.0067592766901832056,0.4171072705201484,-0.12396718293435362
3.235,-7.739097955880555,-0.7983391965778912,-6.113547199709427,0.002152725507667377,0.4120931890686039,-0.1255819886489104
3.2375000000000003,-7.597810974234646,-0.7697295054512656,-6.372171021167641,0.0028229389552744295,0.4106087586889734,-0.1240167380903601
3.24,-7.491989223737026,-0.9301630355709302,-6.34136605674739,0.0017685674048445832,0.416916,-0.12023816525951558
3.2425,-7.5,-0.892515,-6.199186,0.004429,0.41857087264682813,-0.12034
3.245,-7.593690580468061,-0.8628464086970921,-6.046547766771767,0.0022348335601657253,0.42173087452946045,-0.12118795390539429
3.2475,-7.651166048542081,-0.8536979395482596,-6.087312842217693,-0.0027036153593429546,0.4149490184804925,-0.12045914472279237
3.25,-7.535867,-0.897896,-6.389287,-0.003054,0.4125033541013269,-0.118355
3.2525,-7.416565293851535,-0.9491907458319709,-6.512725102406319,-0.0013633476751223372,0.4153212428531532,-0.11818587940888994
3.255,-7.104853,-1.083214,-6.835245,0.003054,0.4190136687216365,-0.117744
3.2575000000000003,-7.294821791764807,-1.0636743276470484,-6.51904462764689,0.004044434117647586,0.41664474411764757,-0.11924936647058904
3.2600000000000002,-7.7637804922869345,-1.0369282491542358,-5.804093783322143,0.008074856411491216,0.419359,-0.12444922435885113
3.2625,-7.576671961520742,-1.0666773425509857,-6.2411817435828425,0.009307207635526196,0.4193846696086991,-0.12724409776966458
3.265,-7.393590371286348,-0.9193951698077677,-6.502872712311486,0.0032075795268610625,0.4195121580088715,-0.13194664175455856
3.2675,-7.418227569055777,-0.6924387943755004,-6.490775545401405,0.011207905407698301,0.4208922291029064,-0.12573127499135886
3.27,-7.505585304206851,-1.01942563200559,-6.196857403046817,0.009414181784299992,0.4169675715071046,-0.12131529694852089
3.2725,-7.69031974087446,-0.9545268265291318,-5.916687909694049,0.005367958518344892,0.41941258658539454,-0.1264601716234907
3.275,-7.518629937685516,-0.8863222449274141,-6.411298540929354,0.0037243713080853365,0.4146238059849162,-0.12894087347335997
3.2775,-7.333623911066877,-0.9717165310074708,-6.678483851235446,0.004123231773299897,0.4116797560183029,-0.125838
3.2800000000000002,-7.2197618256028555,-0.8855770901950776,-6.74556100817383,0.008516668878965699,0.4129980159670979,-0.1257820526298469
3.2825,-7.523891582573252,-0.9843887695996076,-6.07104294135742,0.006680033979492172,0.41573396602050783,-0.12325594451660168
3.285,-7.534035275335637,-1.0071057659313,-6.238589332890034,0.006726991106208657,0.41307265640718527,-0.12501175166719206
3.2875,-7.403248963698308,-1.0960647508440493,-6.631643363450528,0.006735234474213983,0.4081157699241134,-0.12620684951215727
3.29,-7.29112262252439,-1.2072199778039354,-6.888902561517737,0.005371127551494483,0.4091079953167106,-0.1243466298931392
3.2925,-7.206454634588119,-0.9428109940174908,-6.673273447758875,0.012065635959503003,0.417526,-0.12912512342383803
3.295,-7.59536304589797,-0.8318565203701259,-5.948282638618046,0.008711172959202176,0.4206506714029921,-0.12538586572613122
3.2975,-7.741706335449635,-0.8555734443390388,-5.770279067677845,0.004611314327307132,0.41993783521014416,-0.1234022210659777
3.3000000000000003,-7.728755188091399,-1.0174157042806744,-6.137255128097899,0.0011730292243320572,0.40649316794335316,-0.12553705104602494
3.3025,-7.521089839648446,-1.2353969324288574,-6.716043647184604,0.0025965898066792627,0.40271811389806694,-0.12361112102636175
3.305,-7.121189898494287,-1.371974807846233,-7.0838029371600815,0.00920808391677261,0.4038792002922491,-0.12371260905654419
3.3075,-7.190339,-1.140005,-6.823289,0.009927,0.40831141473909516,-0.128129
3.31,-7.2933583229106755,-1.0383613684875719,-6.598769125843841,0.009072907109431488,0.4194776774881402,-0.12787773817158476
3.3125,-7.4949069886886965,-0.8540838819584713,-6.190501688373597,0.007567628262099054,0.4144878712127333,-0.12691635784115698
3.315,-7.451490429945922,-0.9666425074347503,-6.440134764796604,0.008700543465788859,0.4029327023747942,-0.12463556612273702
3.3175,-7.39728712266548,-1.0502826650259096,-6.759650059973353,0.008879382437435149,0.405282005129572,-0.12011246289352882
3.3200000000000003,-7.4372014871968055,-1.1625989275699817,-6.569825661928011,0.010420492581075252,0.40587515784984457,-0.11975688181252772
3.3225000000000002,-7.556959831417493,-1.1103511696318997,-6.372205488846411,0.009676622749025778,0.40762781137451287,-0.12185435349073946
3.325,-8.098630427591946,-0.8245075528427993,-5.521497430434825,0.005675426923077072,0.4058416219063559,-0.13167624448160462
3.3275,-7.703603284182105,-0.7552900675692704,-6.112513658392386,0.006836500085119936,0.4173264002666015,-0.12285015329318218
3.33,-7.303002473947727,-0.9559075530674063,-6.714359603796428,0.004477688803301123,0.39980927642365904,-0.119074016946355
3.3325,-7.32400178823081,-1.1366721081735816,-6.7367700301955145,0.007431314792561029,0.4046931174248927,-0.12188698243204577
3.335,-7.934082745906846,-1.2405604553143024,-5.740300592175378,0.017245822038727703,0.41053024289817985,-0.12403781636331913
3.3375,-7.8134321779612765,-0.9952490360295487,-5.894121209780771,0.016035481072280092,0.4136966412048612,-0.1274828674768854
3.34,-7.295550415859098,-0.842251675098747,-6.6569730983500195,0.00965858262973716,0.402713,-0.1251795360654767
3.3425000000000002,-7.037171985920145,-0.868647357290792,-6.99528236046264,0.011463319924085346,0.402713,-0.1229002934108295
3.345,-6.948710765386484,-0.9594817206943398,-7.040635395830904,0.010670413229547404,0.4013237284004045,-0.1215104456573519
3.3475,-7.132866455156668,-1.1138336607640684,-6.644142774360585,0.007793530744885143,0.39993488948849143,-0.1214571216304348
3.35,-7.450995127893234,-1.1463980130914333,-6.138643995843972,0.011889111716752065,0.40710194667519206,-0.1217135668478261
3.3525,-7.354469133050823,-1.0741844773384093,-6.381193107630053,0.010902879004880243,0.4055167583240089,-0.1273207199476253
3.355,-7.116769610060193,-0.9700472376639008,-6.871665776268097,0.0057406958060842615,0.39859839005043113,-0.12780030341304702
3.3575,-7.00517887217745,-1.0067835520613155,-7.029410196265246,0.008570629297410015,0.39871096431076525,-0.12564548405063294
3.36,-7.0930035676488465,-1.0471897536946417,-6.73727441362073,0.013876035208054829,0.40316526109651507,-0.12434561393534187
3.3625000000000003,-7.396385422200922,-1.063452807048664,-6.239462277535327,0.013689263366099972,0.4095574502996892,-0.12311718693358928
3.365,-7.36873849921031,-1.169488832301993,-6.268299876811576,0.018318830315371345,0.40576082011422687,-0.12190624353613058
3.3675,-6.9681644228498145,-1.3752307348242943,-6.963865268549565,0.018834648715654982,0.40129190215974414,-0.12390176237699695
3.37,-6.980681890284894,-1.2489129966390102,-7.036149796985211,0.017165829772809137,0.400422,-0.1283146614785433
3.3725,-7.158190814398146,-1.0481483293504037,-6.767723569220004,0.016656665471478586,0.40364228973224714,-0.13097976427473795
3.375,-7.416850711541465,-0.9586240827736998,-6.152278234733719,0.018385008433546776,0.412792,-0.12692166343901295
3.3775,-7.400401809968087,-0.9906810478023402,-6.137238039957433,0.014039445735902666,0.4117127402009695,-0.12635082466012526
3.38,-7.120191918525418,-0.9881211835935265,-6.615387802061202,0.01185313264305176,0.4072829520307742,-0.12729508467382597
3.3825000000000003,-6.8453394281395425,-0.9884009421619651,-7.162863357359285,0.01266388320941292,0.4043129484434991,-0.12628773900482054
3.3850000000000002,-6.751224566402077,-1.1932576588172483,-7.3584464577247335,0.01600540076842927,0.39359275683832934,-0.1254868867121872
3.3875,-7.158549198768231,-0.992111177401382,-6.610036743479746,0.013916938315764781,0.4021475749615084,-0.1347109480516402
3.39,-7.243187066541866,-0.8178617542322286,-6.233258908635806,0.016999515450507742,0.4201381197525384,-0.13068499112944135
3.3925,-6.996217131610069,-0.7808124074917923,-6.63884073677986,0.016741374808323828,0.42111608911281423,-0.12688332591456744
3.395,-6.86848757378748,-0.9447560275397779,-6.924677629487487,0.008856131577516593,0.40612435560885907,-0.12919526315503319
3.3975,-6.942841647708182,-1.0764870484281188,-6.868163654053277,0.009433115545956303,0.4089685912646986,-0.1289986533621311
3.4,-7.145161911290062,-1.2676454731918936,-6.614864429766161,0.011238869320117613,0.417985,-0.1295724952764439
3.4025,-7.377930480126188,-1.0371489934384945,-6.218881427129347,0.0111166036593067,0.4205270601892736,-0.13622215659305975
3.4050000000000002,-7.272894400912693,-0.9579551748761712,-6.2543297713423,0.004219462742996527,0.42736720793178995,-0.13608812296873674
3.4075,-7.073092550141005,-1.1055733641639112,-6.797046759247917,0.0076452251175292705,0.4166563359570158,-0.1318722729885831
3.41,-7.1268980934540425,-1.168171445563128,-6.870301821095683,0.008805032729837703,0.4134598690806492,-0.1326973821349636
3.4125,-7.29532769134329,-1.1359219368656768,-6.620860939253722,0.0092273182089555,0.41892776194029896,-0.13353182985074635
3.415,-7.363547831521564,-1.2399345911816584,-6.492250415007216,0.014767361340388039,0.427818168946609,-0.13664101901555242
3.4175,-7.239471191100538,-1.197477977213566,-6.674387040133249,0.015775440680547318,0.4281746365496729,-0.14103110903509813
3.42,-7.013333098472604,-0.9328454618150586,-7.008303083198627,0.013336012484952735,0.41787686208395236,-0.14329875251465646
3.4225,-6.995085850047356,-0.8410751456851548,-6.89785001170748,0.012595335836878843,0.4127603274688931,-0.14198548197800462
3.4250000000000003,-7.146047292140981,-0.8823380464798953,-6.769533501420874,0.012980860287388657,0.4109606521955525,-0.13607214297182244
3.4275,-7.417728247111959,-1.1285086981887398,-6.354402111366759,0.008247,0.41536609630615645,-0.134543
3.43,-7.44430260411353,-1.2066025512828464,-6.224049320452412,0.008249404891035554,0.4159662139097643,-0.1345550323336087
3.4325,-7.060309987512467,-1.292902469379892,-7.043781668011412,0.009285499971489624,0.399353,-0.14109019141838927
3.435,-6.966164,-1.17647,-7.155666,0.008705,0.40101881224489805,-0.142484
3.4375,-7.006323590076276,-1.1445510887788,-7.050103753636864,0.009531039631988676,0.4051658199260832,-0.14133829315090038
3.44,-7.196095479773527,-0.9937200646567619,-6.551275281160661,0.013434443566878897,0.40881773712668074,-0.1359243197169145
3.4425,-7.056438051793148,-1.0077677197313708,-6.766049025493606,0.010385427965077035,0.4089479239758234,-0.14052221195433184
3.4450000000000003,-6.975940125281872,-1.0735245565933562,-6.937600229883414,0.011082869941098635,0.405004,-0.1384874818103135
3.4475000000000002,-6.872981922623591,-1.2075081784898034,-7.087996515061104,0.010496632050504126,0.4036507408313513,-0.13747852411248707
3.45,-6.828174639416067,-1.3160537943960249,-7.333049379750394,0.009263444925829301,0.3966408161054869,-0.1418114668707326
3.4525,-6.965009671014624,-1.0694216183047942,-6.910404235674271,0.0032183783716079146,0.40864477050522036,-0.141356905336116
3.455,-6.982295061787863,-1.1309132345159834,-6.743155776577122,0.007708729235757389,0.4059302077165351,-0.1361350102686429
3.4575,-6.9619342388503584,-1.2255634799460247,-6.804103121144243,0.009651383111590809,0.395993,-0.1363456168884092
3.46,-7.063599185506879,-1.116220946354578,-6.720702786980859,0.005236403909536562,0.3973609835647635,-0.1403044909979441
3.4625,-7.01757328175645,-1.2277048207025612,-7.073187998946113,0.007548184004683941,0.40044434665105383,-0.13598242224824367
3.465,-6.965033368127831,-1.3931869722860712,-7.226441168584933,0.005366003224930149,0.401491,-0.1372006091410303
3.4675000000000002,-7.184361,-1.183644,-6.727043,0.004429,0.40339644947876546,-0.143553
3.47,-7.198310843299745,-1.1470252156925167,-6.633267810967874,0.006854284668385761,0.4077042132927111,-0.14177138970705377
3.4725,-7.186178997026327,-1.1123178450841138,-6.519980156391648,0.011889741437638839,0.4035598508187876,-0.13765607328149781
3.475,-6.950443238828935,-1.3505402691526585,-6.990457505601413,0.011762454760393521,0.4022894798635353,-0.13536907278641694
3.4775,-7.169741727403844,-1.0644134153846192,-6.679450768086533,0.010487601759615033,0.405767,-0.1396852953653846
3.48,-7.131754,-1.12506,-6.590147,0.00504,0.4040436194171724,-0.13943
3.4825,-7.079470473131512,-1.1770595193472013,-6.643851515127712,0.005838310681173013,0.4034525848533584,-0.13899436335856202
3.485,-6.6352092928115605,-1.318923944864349,-7.224279832758651,0.01299125651860685,0.3988523947755113,-0.13952312913325307
3.4875000000000003,-6.850450465528195,-1.2897296368607756,-6.999066637513574,0.011861213236198358,0.39544601575287347,-0.1401069156913762
3.49,-7.077000719629141,-1.2609658464676639,-6.758283051777263,0.010573000987747654,0.3922639281233736,-0.1406371809565259
3.4925,-7.033715,-1.224294,-6.981707,0.016341,0.4003253519731803,-0.141873
3.495,-7.033715,-1.224294,-6.981707,0.016341,0.40339374247126447,-0.141873
3.4975,-6.965758906319237,-1.077547416058667,-6.675942244081764,0.011848967895147599,0.41581904414417203,-0.13961984091121846
3.5,-6.892404397097831,-1.0618989449212046,-6.840256508347636,0.018844928225932284,0.40619959868934313,-0.13249871898892182
3.5025,-6.878291930364371,-1.2920653004239253,-7.05084406892117,0.014503864758275593,0.395688,-0.1347779548940222
3.505,-6.850411804911115,-1.232600672515602,-7.089393290052916,0.015462387135977225,0.39833828509186026,-0.1360919406361853
3.5075000000000003,-6.76747345636861,-1.2870556095368755,-7.028876352810586,0.017088416231088494,0.4025523013571765,-0.13539717272810634
3.5100000000000002,-6.782314589307782,-1.1012230325984211,-6.847326644297753,0.01646497495358798,0.4023499553333735,-0.13786812502578447
3.5125,-6.862500020408163,-1.0012710122449064,-6.776075220408166,0.012497412244898368,0.39828096326530543,-0.13900268571428506
3.515,-6.786379258022849,-1.2040817002819897,-7.029801606480386,0.014989580538916995,0.38978740096437775,-0.13283345510636518
3.5175,-6.675466373270655,-1.3705888680546081,-7.311350287548661,0.012138147624804089,0.38531631523617654,-0.1365062075845092
3.52,-6.659717914673879,-1.2447006841334534,-7.076539527069432,0.014420662651036992,0.3966341225945297,-0.14027190468770664
3.5225,-6.615057591547591,-1.182812366399817,-7.009904719371658,0.01827726644170342,0.40483063809634645,-0.13988649444263437
3.525,-6.632591,-1.049737,-6.863342,0.022297,0.39603953419386284,-0.140346
3.5275,-6.773934700130423,-1.0879055903174428,-6.90658008224609,0.016811992300757965,0.3897467953428602,-0.13676597996931064
3.5300000000000002,-6.915367910448972,-1.1275040447101918,-6.951232548425548,0.011281452126345766,0.3834892843228857,-0.13317530536609
3.5325,-6.76971893617162,-1.4181010751321044,-7.188889172871658,0.007599942238347248,0.3901825802129514,-0.13461447534979096
3.535,-6.7412405111739835,-1.3702941586665192,-6.940554092970393,0.012387484019666791,0.4008037513658719,-0.13423216944957422
3.5375,-6.488521,-1.54352,-7.10844,0.014661,0.40900621924686165,-0.133474
3.54,-6.488521,-1.54352,-7.10844,0.014661,0.4011894288423987,-0.133474
3.5425,-6.7264378033106365,-1.112918718780092,-6.995422442961541,0.01900275854991848,0.3975984783274192,-0.14107042205811837
3.545,-6.502753882325589,-1.1754809158139492,-7.264130796744178,0.01905772325581395,0.40026931627906964,-0.13992287488372096
3.5475,-6.243127532850291,-1.323365299315772,-7.5635145612492645,0.01921139213915048,0.40396240780319026,-0.1393842780434365
3.5500000000000003,-6.09646940023881,-1.3039355882044088,-7.72747267578788,0.02522163643744045,0.4078881294651384,-0.13797390931232134
3.5525,-6.419706084008057,-1.3683102487052807,-7.0509471588292,0.026391051891891937,0.4066869624926234,-0.1416890893992685
3.555,-6.691929062003158,-1.2416411686582678,-6.857610691977946,0.02568911205669275,0.4060833970897639,-0.14392129324409458
3.5575,-6.694706959330876,-1.1875419996465897,-6.919318707579252,0.0234073729390976,0.40695515661208614,-0.145233
3.56,-6.361238938792518,-1.0508774170089197,-7.434018197004186,0.02038369605555982,0.40592,-0.14340916162891632
3.5625,-6.485914737490377,-1.1810205011547343,-7.243086783679754,0.015431320246343342,0.4086076289453426,-0.14010556735950733
3.565,-6.730906386770609,-1.293494375194896,-6.853344226657218,0.0174170105457122,0.4111882491093787,-0.1398859964847626
3.5675,-6.847977384030215,-1.3401695821107629,-6.8017066529089325,0.019750360993489258,0.41040701654207873,-0.13955224555260823
3.5700000000000003,-7.011242966505539,-1.3398325367825594,-6.753831600009519,0.019979419879787515,0.4076780546328826,-0.14177248538833304
3.5725000000000002,-6.527086303295722,-1.3143981576588923,-7.460658893988996,0.019938948400097047,0.414777,-0.14542002711441546
3.575,-6.336682273485789,-1.184611565574782,-7.612308478615567,0.02548001520395523,0.41542766662546365,-0.14263210605686036
3.5775,-6.50602150946854,-1.1417027059448752,-7.343689922125931,0.02159366954724389,0.4161601139960628,-0.1435159980708662
3.58,-6.942849,-1.060497,-6.689382,0.01909,0.414901050088068,-0.14447
3.5825,-6.947852280453376,-1.1253660541543435,-6.764602345456595,0.01864916644694532,0.4146914430482314,-0.14369872165594852
3.585,-6.977078386279742,-1.5042914130739495,-7.203993620260444,0.01607408631832801,0.40259067371061114,-0.13919338506430876
3.5875,-6.76303278880795,-1.4082345130734164,-7.378202598350807,0.014772593611400254,0.40594289530061634,-0.14569000925466313
3.59,-6.510380055911072,-1.2980393015799916,-7.331837428738399,0.018272450756649537,0.40926929217626073,-0.1442657445748313
3.5925000000000002,-6.771830212660278,-1.1661763911432417,-6.960302528385673,0.014922348326917571,0.40113727795336007,-0.14540417919855167
3.595,-6.93398011487591,-1.1473802427227737,-6.96628155517847,0.014436467199243885,0.39676211904514297,-0.1418151701630815
3.5975,-6.82735235276374,-1.3393693588349687,-7.255899825708747,0.01625886251132673,0.3959373179805823,-0.136829091288026
3.6,-6.592541742847888,-1.6436600058252535,-7.409567111456316,0.01392671411003228,0.3919211700970872,-0.13864289022653728
3.6025,-6.371135850764099,-1.5253422436315118,-7.562530045721483,0.0239801676454458,0.401831053781961,-0.14357218375750389
3.605,-6.31910416210776,-1.4668067881746094,-7.4436002496138745,0.024810915250870813,0.39957583437041433,-0.14286033641740162
3.6075,-6.528416276365191,-1.2679193613914,-7.230012340967111,0.02414874537833894,0.39662596016490603,-0.1434092652958859
3.61,-6.678699426180372,-1.1225915738196286,-7.118470053861575,0.020139949335819397,0.3903857954649269,-0.14502847842927047
3.6125000000000003,-6.7502571904357005,-1.2323151128586698,-7.215401000425084,0.01598377385759818,0.3977271275239112,-0.14346632263549383
3.615,-6.647718115167771,-1.3779666243784168,-7.297100565023983,0.01641547062959438,0.39876447883668864,-0.14180636604666033
3.6175,-6.465282634149831,-1.477546173225624,-7.27924839786446,0.020670842655900128,0.394772,-0.14567142384926093
3.62,-6.447942729236032,-1.239044594818926,-7.121142987234201,0.019964640810992192,0.39462432617526716,-0.15005197185709923
3.6225,-6.471143862612281,-1.1051170988450927,-7.192075600769938,0.016892580380384995,0.3934443868056827,-0.14858209809807502
3.625,-6.3831277429819595,-1.1227644652536204,-7.40681739171588,0.015292420030741851,0.3903167513955182,-0.14251326559339858
3.6275,-6.374246797429151,-1.3099688006910974,-7.53856377136146,0.012908707505182767,0.3903535231513477,-0.1397897404284725
3.63,-6.543716945875932,-1.261321110474818,-7.147202628232825,0.016834232475588747,0.39663196618418495,-0.1410269003484588
3.6325000000000003,-6.5728208021424495,-1.373535104516574,-6.956078923633905,0.016680650120620318,0.40582984277618334,-0.13972395984683117
3.6350000000000002,-6.419235938979551,-1.4437499036854509,-7.179355960215349,0.02276984193477857,0.3972360951443276,-0.13986236027461427
3.6375,-6.3255290630143675,-1.4584850735044574,-7.456249478467035,0.01665375961184117,0.38974797594890004,-0.14423610873357104
3.64,-6.314774308760334,-1.2404426709184475,-7.5128426143708,0.015577,0.38557923459847193,-0.14615
3.6425,-6.3939821289743,-1.2907638094259017,-7.303429601441261,0.015674382483785748,0.38866222591400457,-0.14387682066778726
3.645,-6.472084309432643,-1.528757348482881,-6.982593868172954,0.017835509032741847,0.3985142054686329,-0.13770939072231947
3.6475,-6.345031550128964,-1.6009541365430573,-7.170495863857525,0.02057293600642445,0.38799607729604624,-0.13790054754782938
3.65,-6.216814912381317,-1.6720209303793256,-7.3623765044168294,0.023296291312768575,0.377330015125892,-0.1380521202513109
3.6525,-6.218316,-1.670253,-7.690099,0.020922,0.3777205159852879,-0.14615
3.6550000000000002,-6.222236944941392,-1.6657957663845875,-7.685176978215368,0.021013336836119157,0.38161287954497136,-0.14610128635620273
3.6575,-6.602558759154225,-1.2484490841542386,-7.182453690845765,0.02874425507462635,0.3940862356965173,-0.14113644587064672
3.66,-6.5577285486069625,-1.3731932736069723,-7.114234301393031,0.02214663835820858,0.39296543967661685,-0.14051369084577112
3.6625,-6.405475822533569,-1.262309301968519,-7.27390001878187,0.020171824664196307,0.383318,-0.13874748374247312
3.665,-6.293600649340105,-1.540442198984772,-7.552089224568521,0.01999826612521155,0.38118078984771564,-0.13559792717428093
3.6675,-6.508450607635216,-1.5311482190249832,-7.203365168615084,0.0221900638370119,0.37839556191122964,-0.13922532548144553
3.67,-6.641998647947973,-1.3365571214886833,-7.209282182233024,0.021330036743712266,0.38336803295463456,-0.14146608807020294
3.6725,-6.482841646052874,-1.1678064682655314,-7.262680179757245,0.02019733187723106,0.38066258115631735,-0.13998158115631734
3.6750000000000003,-6.24674449273207,-1.1322944119453098,-7.467635709474681,0.018550961429599496,0.378889,-0.13639106020628422
3.6775,-6.2341953981591525,-1.2194997827421308,-7.412935426999059,0.018456424314477197,0.379218399616491,-0.1340108163374878
3.68,-6.191628749391474,-1.6937147365304204,-7.623212166721147,0.015284146775658668,0.3809072153315173,-0.13138946172570468
3.6825,-6.374691522935273,-1.5741036859266093,-7.430316552568362,0.01879319569993021,0.387136,-0.1418458177424633
3.685,-6.427321885887383,-1.2810828622938737,-7.242719131374123,0.024167506241602642,0.3868395593697325,-0.144555209370954
3.6875,-6.265374842475799,-1.3005817964212378,-7.35775837312995,0.02318187738339689,0.3885717107656204,-0.14251418187151657
3.69,-6.1818080215430005,-1.2241135010510837,-7.373355610563257,0.021713764558498036,0.38702038668525063,-0.14074223180126263
3.6925,-6.188719170087753,-1.2039913196489893,-7.4102358046126415,0.016929912198546702,0.3800465575332165,-0.13478656725996607
3.6950000000000003,-6.135269435382402,-1.4445537982735848,-7.672153031929572,0.01426421426713479,0.37838102682856634,-0.13240140615065932
3.6975000000000002,-6.130293050320726,-1.4582079776543666,-7.561917726797399,0.014355624739109339,0.381194812178078,-0.1379762495931083
3.7,-6.008388451524599,-1.4243934733253305,-7.386371618823541,0.015179791596638804,0.3887484568067228,-0.1397973126050418
3.7025,-5.89393347225807,-1.4451457639672658,-7.531583753375062,0.017670023919114326,0.388694589677419,-0.13698300562349539
3.705,-5.9832181594733935,-1.4963545676833994,-7.581967788221114,0.02041696399714489,0.380888631215798,-0.13684543775398528
3.7075,-6.096911683783,-1.4621316135286997,-7.604170434468393,0.01969515051101959,0.37633539143618316,-0.13842162126907243
3.71,-6.29354074796345,-1.4930285779763435,-7.406184752817985,0.01741,0.38358300321542677,-0.140346
3.7125,-6.315326370637367,-1.5285187521609942,-7.222058239968614,0.01741,0.39031566171870596,-0.140346
3.715,-6.173635752780458,-1.6725223765013502,-7.265287901348153,0.024017149015442357,0.396460618396928,-0.13968983889860284
3.7175000000000002,-6.129737013417897,-1.607986035339421,-7.29925125513747,0.02556958111346039,0.39215219416490366,-0.1400220407798922
3.72,-6.161384542881162,-1.4638470910786099,-7.575069615557882,0.025641211724973478,0.3832082179138722,-0.1422338910430639
3.7225,-6.28417011279426,-1.4366690709090943,-7.489459964545453,0.023373481942583874,0.3824519553349289,-0.1426656935933011
3.725,-6.171404894435625,-1.5096353750634148,-7.595884260082446,0.024100792200380396,0.39111382157577695,-0.14006920779961962
3.7275,-5.943847784661765,-1.5453479187989527,-7.747494768943738,0.021738903318300445,0.3931421312129123,-0.14253758793258967
3.73,-6.143859846168105,-1.395208704131972,-7.368676609461116,0.02252899990887661,0.3865257911547526,-0.14359386153652792
3.7325,-6.283472195730039,-1.3670395222535838,-7.345827333455103,0.02861473813308042,0.380569,-0.14068385051832513
3.735,-6.438844265048568,-1.3914050433130336,-7.3789066317866,0.02321745239585086,0.38023196135682535,-0.14453963149020235
3.7375000000000003,-6.52990951882916,-1.2670253077346847,-7.371093724164003,0.018091123880714884,0.38155928066724476,-0.14645184321347013
3.74,-6.37454469684789,-1.3464337561727977,-7.600443012661913,0.02212321996380552,0.39151369835549693,-0.1405295216083086
3.7425,-6.2145155204404405,-1.3356226525609851,-7.617470313527952,0.024338770196265517,0.3899941233317379,-0.1408058118812834
3.745,-6.4306723558016525,-1.2679598913287815,-7.284330954023704,0.01979617419543237,0.38837436201857356,-0.14218012634308744
3.7475,-6.512157239528625,-1.406274589301281,-7.159109980240454,0.01744248833234143,0.38444194566837264,-0.14111205933579327
3.75,-6.356641733806707,-1.565670114714004,-7.508851907218935,0.017965225956607496,0.3767386778698225,-0.1399003221301775
3.7525,-6.1599843080944465,-1.4377714576484635,-7.837672576618173,0.01659975957071308,0.3730048979346529,-0.14410362059623183
3.755,-6.001019886401152,-1.3525582983957425,-7.837174921898402,0.01723662423722074,0.3770786644598138,-0.14283072485571197
3.7575000000000003,-5.82760597991315,-1.45826517435054,-7.871640718396794,0.016473580492516175,0.3751449197875413,-0.13949486155480487
3.7600000000000002,-6.164637322246756,-1.4240108711089892,-7.296250953154117,0.01905295240518482,0.3720657434565536,-0.14080079902064305
3.7625,-6.130782613922225,-1.5515301466154674,-7.431670415698521,0.018956677724435902,0.37735078295727353,-0.1380144964954391
3.765,-6.055497411781972,-1.705096649295635,-7.851123065475562,0.02143142352022492,0.365451417054506,-0.14233247953146985
3.7675,-5.9613985342445845,-1.5470580789161679,-7.928110228329504,0.02414384585460299,0.37084138903592606,-0.1442316383742588
3.77,-5.98037087794421,-1.5148041334569593,-7.8168720122771935,0.02993283813284307,0.372475,-0.13856465143953323
3.7725,-6.129523859538783,-1.601872043400889,-7.517083041043562,0.026267878583740994,0.3717886016585139,-0.14053468140694142
3.775,-6.21896178393839,-1.3893560854628366,-7.368585539525384,0.024526138645293176,0.3710846699355649,-0.14488824174131712
3.7775,-6.250220274372935,-1.3385756971101386,-7.400944150348081,0.02284257375298042,0.37321397955174085,-0.14143483809251337
3.7800000000000002,-5.886532247871527,-1.6693821737148637,-8.020708237049815,0.023351777326339265,0.36863198078524834,-0.1371078578095688
3.7825,-5.921158636743716,-1.5776068485226147,-7.819463471798981,0.021073191638191196,0.3664102400402018,-0.1461265555778892
3.785,-5.881421375867025,-1.5989293800479332,-7.644520300360253,0.024168254002319464,0.37594267543564025,-0.14290827438732104
3.7875,-6.153068969003154,-1.3073496617511549,-7.2605002566577745,0.029736427698277376,0.3703666574339074,-0.142179
3.79,-6.0355787450187215,-1.3325424582396994,-7.424901617331466,0.02097267063670418,0.3713129762546817,-0.14252175703183523
3.7925,-5.811313857753425,-1.393869628740916,-7.742925137510421,0.022802004431209055,0.3739520131745086,-0.14099700011911856
3.795,-5.725819003616441,-1.5648599615390064,-7.994929988397849,0.022611524574151286,0.37690913488981526,-0.13746843883263857
3.7975,-5.958409210774386,-1.523420003531281,-7.627065127053614,0.023866772517499024,0.37322868971776807,-0.1430735067058023
3.8000000000000003,-6.144990069121386,-1.4973356562887383,-7.23762038480984,0.022546294373557277,0.3780446240855509,-0.1452174695102686
3.8025,-5.963802080447111,-1.4878038760242833,-7.6048999313634065,0.023572610352368586,0.37327936678493157,-0.14499705562089887
3.805,-5.876972,-1.441894,-7.864059,0.021533,0.37192983868157903,-0.144317
3.8075,-5.877741434340712,-1.4470218466987501,-7.787910304966295,0.024021867045236428,0.3760975984215595,-0.14215537844080794
3.81,-6.0960016854562795,-1.4734414066064645,-7.353455195969572,0.023067338540874407,0.37678406133079845,-0.1411170981653993
3.8125,-6.304217055439834,-1.5080326364364685,-7.029625878705335,0.01882464476846659,0.3765695835603268,-0.14313829402339368
3.815,-6.154062013927258,-1.5883836997660614,-7.232512145598458,0.020876937003685262,0.38093122960423,-0.14339535559685948
3.8175,-5.875451557920811,-1.661199362177586,-7.728728605158624,0.02128960188243009,0.3693244485562025,-0.143401
3.8200000000000003,-5.636474751532317,-1.6262517004771624,-8.235462392365394,0.021683344448634956,0.3657799057604325,-0.143401
3.8225000000000002,-5.741999085324428,-1.428854927788779,-8.001646742160556,0.027439468323078097,0.375377,-0.14394918659708675
3.825,-6.0222430474024655,-1.5406602932159905,-7.488029078978077,0.02719037129059894,0.375377,-0.14132999255393702
3.8275,-5.991007539672105,-1.6477549944444676,-7.687809485883472,0.02288881455373317,0.3712393651912572,-0.14334394786885302
3.83,-5.7643301206675766,-1.6281450322274498,-7.988369973871374,0.02414043093520911,0.37263559155272097,-0.14628986929248378
3.8325,-5.627099421334413,-1.5216368755346583,-8.090434753890555,0.028675246787190883,0.3713702467871909,-0.14666727208755573
3.835,-5.517664394396589,-1.6457744338476135,-8.135273114860393,0.02335619535257933,0.366061,-0.14616960929484135
3.8375,-5.773124144801997,-1.4041677900466665,-7.771774211652131,0.02045984598636195,0.3669640307453043,-0.15181126905132206
3.84,-5.896200686504775,-1.3389176805206193,-7.620577376755531,0.021329497879365087,0.36962466350793655,-0.146921430819048
3.8425000000000002,-5.71060750586533,-1.5619957200318013,-7.972795251145558,0.021731080887193194,0.3687416596009218,-0.14227432308450622
3.845,-5.700641073989982,-1.5859148230956375,-7.95734711502027,0.02427687236823297,0.36530392414977314,-0.14507436027665177
3.8475,-5.741700335634022,-1.7342289078056268,-7.728794168162474,0.023698253230827675,0.36721976834851905,-0.14720047195899788
3.85,-5.760401,-1.76351,-7.67097,0.023824,0.36702327128854895,-0.147829
3.8525,-5.775352282286521,-1.420506619449533,-7.73253470932957,0.02449781916725478,0.3709181154551871,-0.15153647664079048
3.855,-5.739662986263252,-1.3758321443240016,-7.759354523340083,0.02264200441215011,0.37217,-0.14949729146873142
3.8575,-5.697034,-1.457436,-7.764226,0.020464,0.3719567999807623,-0.145997
3.86,-5.684148968142018,-1.4465035623754192,-7.7310377763891145,0.017671127298201278,0.3705547818245503,-0.14484974066868347
3.8625000000000003,-5.653074135378891,-1.499229734774565,-7.696575566759666,0.011912,0.3681560638772659,-0.142484
3.865,-5.629761071885943,-1.8887571131722012,-7.872396884075639,0.011912,0.36319348662017625,-0.142484
3.8675,-5.67603660342536,-1.687562152671957,-7.683632861993443,0.021477982423958857,0.374002,-0.15038142908750596
3.87,-5.594603233043472,-1.5574967599999998,-7.6269031791304345,0.022594577391304438,0.3733401495652173,-0.14982915478260853
3.8725,-5.447901664813927,-1.5629129560396047,-7.719552378955285,0.023593327360873946,0.37074057606008864,-0.14678106347558897
3.875,-5.412886041157556,-1.5848256270096464,-8.01022616527331,0.021954291961414792,0.36675834726688106,-0.147829
3.8775,-5.49021032197369,-1.5899566302952353,-7.94646134224379,0.023545699909967813,0.36572846847120727,-0.147829
3.88,-5.52425583564381,-1.8586583474959255,-7.882953797996756,0.026018814007743103,0.3683680327313599,-0.1424305438990886
3.8825000000000003,-5.564467380987863,-1.815955002201611,-7.8844939532027265,0.02517327324119728,0.3696889022905913,-0.1532013514000719
3.8850000000000002,-5.585751391976915,-1.558717387263109,-7.823685627493991,0.027490819817219972,0.3728848324579115,-0.15078489040885007
3.8875,-5.619742500958067,-1.5663989819067035,-7.839089655065173,0.027880107491753965,0.364228,-0.147829
3.89,-5.638940318504791,-1.5235732079095314,-7.7490063212753215,0.022347374537458498,0.364228,-0.147829
3.8925,-5.553697547937725,-1.658902370346911,-7.86084011907131,0.02050440874078153,0.36713,-0.14549694931439483
3.895,-5.6638721618463395,-1.7459398829291717,-7.853914741176469,0.024550168686674683,0.36929108615366146,-0.1434226060240096
3.8975,-5.758498702670048,-1.7487087639382057,-7.687926369292138,0.025494689379755638,0.37104268244869726,-0.1431035359880101
3.9,-5.773428324158103,-1.7689408066719365,-7.681384434355727,0.024457271857707404,0.36599388667193705,-0.14614264134387342
3.9025000000000003,-5.748775515295799,-1.7235667065184272,-7.805948781283642,0.027031,0.3592372078881327,-0.148288
3.9050000000000002,-5.601565831194437,-1.5496614483922837,-8.092219292623419,0.02770850821902586,0.3636281310720815,-0.14702317998569464
3.9075,-5.345853292851088,-1.6380366766851817,-8.375116771427148,0.029240991616590422,0.3645633020084913,-0.14362637590790314
3.91,-5.4753354776714644,-1.7465353558229977,-8.081350260231858,0.028717902184846475,0.3657404672599609,-0.141142771257348
3.9125,-5.697790767567572,-1.6703636378378386,-7.759935681081072,0.027025475675675738,0.369421,-0.14596128108108097
3.915,-5.793891175242612,-1.6921596663884941,-7.523149255109843,0.028797133244823796,0.369421,-0.14305022727358935
3.9175,-5.7273070359158025,-1.6766274392451013,-7.641784285003624,0.027829828182918022,0.36282067998064366,-0.14414389237841757
3.92,-5.297585385537556,-1.5765268680377478,-8.422362391083128,0.021501499924187612,0.35326349200096807,-0.15150565871441224
3.9225,-5.274720241417615,-1.541425754763733,-8.304259670498094,0.0254520294636016,0.35850556974457237,-0.1455185628735632
3.9250000000000003,-5.45284508065136,-1.4683752948914353,-8.099616605363963,0.024173951915708678,0.35518189853128956,-0.14539050402298848
3.9275,-5.692858173691088,-1.5946463683328829,-7.751206455399085,0.015743581844184167,0.35885898684554646,-0.14541314429038402
3.93,-5.599170931632642,-1.7063430977777927,-7.909145074467133,0.01772538875283479,0.3585530030158726,-0.144502435941043
3.9325,-5.432554558743311,-1.8374965415775268,-8.101183203743322,0.023771720347594023,0.35158544395721886,-0.14688691026738043
3.935,-5.455254968548707,-1.6815022347545274,-8.072852865811157,0.025685540496322413,0.3478816284614004,-0.15307850547389826
3.9375,-5.494753069311721,-1.6178877729527035,-8.026432209265757,0.02491808576267086,0.345884343413572,-0.15461988629490747
3.94,-5.45504199284743,-1.6335507846671982,-8.055403848373125,0.024529966150197622,0.3442602436648221,-0.15275393230039525
3.9425,-5.5043795627146785,-1.4475148110624216,-7.9319302270093575,0.024836260826720337,0.347152465199573,-0.15253212103754607
3.9450000000000003,-5.43434867542324,-1.4512610130923522,-7.919280919964014,0.02433975981679862,0.3567737427267524,-0.14935729328208042
3.9475000000000002,-5.377355143461346,-1.6349639249097982,-7.940856647186498,0.021899007913002984,0.35530831113836087,-0.14756700158260058
3.95,-5.280567007938933,-1.7858513374045646,-8.047848850992374,0.020735730381679498,0.3460862998473278,-0.14957471694656532
3.9525,-5.308221096484476,-1.594446590434779,-8.111584982621114,0.021665891204968857,0.34105197660869563,-0.1547251134409938
3.955,-5.377328604956524,-1.5214451852173894,-8.031770275739127,0.01992532017391299,0.3404308093043478,-0.1548488584347826
3.9575,-5.3889183372896845,-1.543387467048797,-7.932349260541075,0.022596764536133428,0.3497899701593577,-0.15126177708214947
3.96,-5.376367704779279,-1.6184262321515288,-7.922204745014304,0.023671,0.3528730159412447,-0.150426
3.9625,-5.491737486502464,-1.552719061871911,-7.829180572315269,0.023307048472906485,0.3531229002955665,-0.14980506729064053
3.9650000000000003,-5.490570083904766,-1.8365831023951826,-7.867615286735935,0.02108184358269102,0.3533745925349424,-0.14599973683551407
3.9675000000000002,-5.721420124816139,-1.9377655010046009,-7.493965506808961,0.025929061766251007,0.34637415942547645,-0.14855073622127427
3.97,-5.587656974822708,-1.9840684277544356,-7.807796454780064,0.02776906134602772,0.3505799956959951,-0.1534140840348001
3.9725,-5.481449816847951,-1.7553691910939369,-7.92501451993202,0.030718962292954274,0.34907150221878896,-0.15509835371446218
3.975,-5.305176608838066,-1.646892934579724,-8.018478252935726,0.0308429055315204,0.3546392269159458,-0.153119312330037
3.9775,-5.211522237586043,-1.5669074572467296,-8.253001997230566,0.030668343215381963,0.3442744339408628,-0.15179841602843752
3.98,-5.430292397081917,-1.680850513378574,-7.903575777964132,0.01889494747455171,0.34556799958313134,-0.14985849112942318
3.9825,-5.405024537911178,-1.7678341784187337,-8.0582651111225,0.024882263499267993,0.34804,-0.14707551709126382
3.985,-5.2749277487049815,-1.9041606932919282,-8.081261806090057,0.02489943254968928,0.35040220371428543,-0.15198901341925464
3.9875000000000003,-4.975307837003292,-1.8150171994734012,-8.285730979942628,0.02892047817137476,0.35178157051220404,-0.15182980435615084
3.99,-4.962283006147012,-1.639770522522975,-8.184499094835694,0.029447310533528375,0.344596617117423,-0.1519432286032212
3.9925,-5.117980949689494,-1.5300470779498745,-7.9427358868088636,0.02751731337074442,0.3437117166629256,-0.15177829312383018
3.995,-5.17938812605477,-1.7237540140573127,-8.333141889959755,0.026286544882013978,0.3438588900986504,-0.14535021980269916
3.9975,-5.222116488254283,-2.004139322407891,-8.341997485576679,0.02787513077775144,0.34545700755116815,-0.14747533459186135
4.0,-5.258531854991158,-1.9000369987804135,-8.231557568327338,0.03260756283919752,0.35074314970425025,-0.14820892030001828
4.0025,-5.200665271555305,-1.8734617439770762,-8.199438606840047,0.03221227564469888,0.3516362796378219,-0.14962469195186356
4.005,-5.3241627802234515,-1.6867322764144452,-8.092117365048228,0.0293999134992384,0.34417030393093007,-0.154091
4.0075,-5.37955012883341,-1.644012558092295,-7.992303019559532,0.02902721956889696,0.3437698510122971,-0.15180705472857317
4.01,-5.431134164982462,-1.608841356925238,-7.88327259011363,0.02872765444241832,0.34362031359236916,-0.14948603785664208
4.0125,-5.34344996121092,-1.738384131504317,-8.132942889309426,0.0242044701986752,0.34878917559129585,-0.14507023311258205
4.015,-5.171554447090438,-1.9764685712041279,-8.258177146956086,0.026016004940568008,0.34571588911627943,-0.14473936841343635
4.0175,-5.176953966357972,-2.008726797400232,-8.170711064768481,0.02954028630745923,0.3431129875500926,-0.1475055510388955
4.0200000000000005,-5.112042539114317,-1.87995975777738,-8.18232061433575,0.03169693824212871,0.34270778769826565,-0.15033665327159507
4.0225,-5.2319881716936365,-1.7295990067601585,-7.885890622437968,0.03244836681769143,0.34641953287306715,-0.14762403470693997
4.025,-5.121544770115975,-1.6165268523027096,-8.107339202733444,0.034749003537383694,0.34934644449293634,-0.14726482432525567
4.0275,-5.045149664006525,-1.557757553703094,-8.279339280039137,0.034883237265905365,0.346030155207178,-0.14486497127569362
4.03,-5.078283382837814,-1.6806426361614863,-8.331955066637635,0.03260578473289758,0.34321676555958414,-0.14231352822818483
4.0325,-5.172708153586795,-1.867118360210693,-8.083448005790219,0.02857827597801129,0.3429744175263396,-0.1435166383692167
4.035,-4.951734087999954,-2.033698277454546,-8.323029891090968,0.032529,0.34542589218181824,-0.143401
4.0375,-4.903837262649755,-1.8076604045795546,-8.231742247931559,0.031127170292121774,0.3484342844969013,-0.1485402264148709
4.04,-4.8272674033058625,-1.6137940112040943,-8.175520272905032,0.031336405466037325,0.350331,-0.15022370058404666
4.0425,-4.713056,-1.502869,-8.19524,0.03375,0.3496591838803098,-0.14676
4.045,-4.713056,-1.502869,-8.19524,0.03375,0.34594357214817195,-0.14676
4.0475,-5.120101671856043,-1.7074496250316262,-7.996115451258437,0.022251588493092635,0.34371193309628323,-0.14301486909285588
4.05,-4.9970495511422435,-1.9283554048314986,-8.0994269043851,0.027964552857767513,0.3415062906258206,-0.1408725273698029
4.0525,-4.859666196297894,-2.0110903042046426,-8.348303649860146,0.03266979263672481,0.341168,-0.14385618803411077
4.055,-4.866311751449625,-1.8686250509123665,-8.339407949087633,0.029455803593775164,0.3412148362948403,-0.1474178362948403
4.0575,-4.9313123649527855,-1.840099787953823,-8.371441601762863,0.033102502581322274,0.3411059658761804,-0.14755991727177334
4.0600000000000005,-5.12311386853617,-1.6460811178568104,-8.236813773499115,0.032930520244114,0.34140195836411247,-0.14791419339938192
4.0625,-5.3797948390325265,-1.5055413859168354,-7.746181003693554,0.0289916149171929,0.34524146217085666,-0.1462241363040629
4.065,-5.187445577526714,-1.8425350059277024,-8.051809601049957,0.03106146451058507,0.3482826168080606,-0.13935331722209257
4.0675,-4.962896036562692,-2.039520553411423,-8.29235291382073,0.030051493344840568,0.341710119210948,-0.1428930006805571
4.07,-4.951309189077672,-1.982271361550399,-8.382142851333647,0.028630513171967038,0.34264758831197595,-0.14408981686441985
4.0725,-4.937586597026637,-2.052485822103794,-8.325140252791043,0.032834,0.342543,-0.14281199371668943
4.075,-5.022716,-1.999043,-8.180894,0.032834,0.34318628652149286,-0.147524
4.0775,-5.0853736747340434,-1.7995025663297,-8.142093956120343,0.03228009951177024,0.34535825823888355,-0.14561558303400313
4.08,-5.10804428612944,-1.6868847723436529,-8.22484642774112,0.030815054489314018,0.3459308799757825,-0.14013939121390073
4.0825000000000005,-5.058817382847855,-1.9082941028571592,-8.32521267768812,0.029352136658120823,0.3449248967979486,-0.13768869749708756
4.085,-5.20724536721541,-2.0319677464098045,-8.097333173169877,0.02778413967202669,0.3429799763349785,-0.13984391183569497
4.0875,-5.276183,-2.194524,-8.11095,0.031154,0.34273891779141047,-0.139735
4.09,-5.295860945155001,-2.0936298683275787,-8.08948315074,0.032342313516385994,0.34102884761736035,-0.14211162703277197
4.0925,-5.296894150255341,-1.829903138657611,-8.104736910336761,0.034601951466666364,0.3430325579570622,-0.14746161522259874
4.095,-5.092458400426959,-1.7297580291394237,-8.380438440613737,0.03274652880587051,0.3392360937158119,-0.14617237219479665
4.0975,-5.06782609983526,-1.7149404472073213,-8.37842595950805,0.03315641315233782,0.327882,-0.14406343150713508
4.1,-5.20923,-1.586561,-8.230511,0.032681,0.32899056350540173,-0.140499
4.1025,-5.204198908219634,-1.7621316708818784,-8.1369403508153,0.031331605391014865,0.3307761578036605,-0.1388925177371047
4.105,-4.995419958865305,-2.049897998812697,-8.327753491763087,0.030945541029324085,0.329715,-0.1377845353512869
4.1075,-4.821538300898049,-2.0174554404290057,-8.578355639476738,0.03249609769711256,0.3293208175085445,-0.13992444640188553
4.11,-5.008600770020025,-1.667546952612263,-8.218460635708905,0.033358162043071356,0.327882,-0.14181061412857202
4.1125,-5.093386640534513,-1.6112461216035396,-8.161522416035641,0.03359531002227253,0.32563379376392076,-0.13824064454342982
4.115,-5.357677923688181,-1.7277649358372649,-7.680700916284644,0.028481643200000524,0.32490089168813735,-0.14057564320000052
4.1175,-5.159590957197938,-1.7498067557910573,-7.881457229857192,0.028863,0.3279453713801507,-0.13677268034823034
4.12,-4.9513349920272525,-1.7777937617240203,-8.137663447257248,0.02934568167291319,0.3261595167529808,-0.133627
4.1225000000000005,-4.856373451123757,-1.8082944953279982,-8.263792720556333,0.030252588354669957,0.3170758024940725,-0.13378220859491088
4.125,-4.862317370554765,-2.0024782744586695,-8.194441193298562,0.027721885727833098,0.3146718835941204,-0.13466803737948477
4.1275,-5.139464542755091,-1.90299605728695,-8.141285783066056,0.02968964302616304,0.31524243267416213,-0.13984229802248646
4.13,-5.273500364799826,-1.8371308967531812,-7.9147093002921185,0.02539871181674916,0.3160836513102868,-0.14236595393086046
4.1325,-5.089669,-1.819703,-8.121711,0.024435,0.3284007903058386,-0.143248
4.135,-5.089669,-1.819703,-8.121711,0.024435,0.3270410752116158,-0.143248
4.1375,-4.820788816169995,-1.7599269655263523,-8.053627432428144,0.020845589278787262,0.3302239233115848,-0.14353641710456688
4.14,-4.922479979210003,-1.6206545871804092,-8.074629461163813,0.027198802355844716,0.3234463614565341,-0.14071297229412838
4.1425,-4.974150677110875,-1.8990487311608522,-8.029573283513804,0.021124721020302092,0.3151273623477357,-0.13676410423737645
4.1450000000000005,-4.560425859221533,-2.1236360198523405,-8.730793896473154,0.02398934553694545,0.31857134520197034,-0.13610469140886605
4.1475,-4.593659216481136,-2.157166562421984,-8.4933486130531,0.027217600759198837,0.317640088223102,-0.14088510505589188
4.15,-4.61514283258629,-2.1005955065106847,-8.346262387894656,0.029926721985931864,0.3197375528218562,-0.14415083243906435
4.1525,-4.622140080970203,-1.9137003120199703,-8.369392371761037,0.031377881054437666,0.3258496427889565,-0.1441626424146
4.155,-4.700848704523484,-1.8354799117329512,-8.335659987696145,0.031752430896896,0.32559939769770707,-0.1425385027047261
4.1575,-4.763676504928065,-1.7995187795034768,-8.297638734651432,0.03218783296503365,0.32548071668679646,-0.1415604503481699
4.16,-4.66927495801088,-1.6995088793290036,-8.547197164664146,0.03493337752031627,0.3247646236308059,-0.13953099884887785
4.1625,-4.760491999450617,-1.9564608740566851,-8.263792834354007,0.027564721758099885,0.32463031737900877,-0.13488003913710864
4.165,-4.596400911374321,-2.1884175426904777,-8.519046579358491,0.026271051602165287,0.3295466028504485,-0.13850265445261378
4.1675,-4.899297384931346,-2.0132427080031294,-8.156991821399712,0.028378652554972898,0.3213254936131274,-0.1427255834669043
4.17,-4.814046181824739,-1.999746407554466,-8.284939931714979,0.029098639187551206,0.3217655338574941,-0.14122479908927107
4.1725,-4.675116957526341,-1.8925886779477517,-8.50929203276221,0.028170609766376264,0.31624424800733103,-0.1421635955107652
4.175,-4.661693042599282,-1.727462049380009,-8.360025520734563,0.02888192129963854,0.3248043700831894,-0.143248
4.1775,-4.635832151737495,-1.6768203208473274,-8.51169153208764,0.03313051516101302,0.32380204392800205,-0.14184173161258629
4.18,-4.762693249762078,-1.8183347721528555,-8.254338956743771,0.027573432356793274,0.3181979527447563,-0.13455697423858085
4.1825,-4.752798238094352,-1.9543276374760803,-8.27471412453572,0.029646297589110727,0.3192046125781517,-0.13379725114315366
4.1850000000000005,-4.644096607051983,-2.1752681272658543,-8.508166419561201,0.031013497686561222,0.31510932528112034,-0.1346536505622407
4.1875,-4.646484287378179,-2.1029227893986215,-8.480665956738768,0.03130215402899929,0.31798344425956737,-0.14049279177561208
4.19,-4.634312921066356,-1.9188734018279614,-8.523873389755579,0.03288877770866354,0.3178337709933348,-0.14319052071088526
4.1925,-4.772073815813362,-1.7415131880600878,-8.262574271831246,0.030353745976350408,0.31474569077660586,-0.1418961557046981
4.195,-4.689937875845309,-1.630328609830604,-8.515994380901276,0.027155069747522805,0.31768884153403676,-0.1390811865771809
4.1975,-4.7708320352740365,-1.7954048505133362,-8.49773794259994,0.023676301829094856,0.3112977696604007,-0.13674382211341055
4.2,-4.913407564902869,-1.9236239486653068,-8.079909970778678,0.024561570936660938,0.3176213570368035,-0.1328226348128255
4.2025,-4.7759451880916615,-2.1876432013220777,-8.221186096000032,0.02798778236911952,0.3136309280386013,-0.13319380049215826
4.205,-4.896171572998798,-2.1649590493510247,-7.975819311999993,0.02721494770566946,0.30909194736791307,-0.14072672494089286
4.2075000000000005,-4.714901505161524,-1.9196824679799387,-8.262937788960068,0.02926587205459211,0.3128290352314378,-0.14065282551673128
4.21,-4.547408666565817,-1.9165901041618023,-8.845300502158999,0.030977146707226812,0.30282346665789706,-0.14170631550439858
4.2125,-4.640002925984265,-1.6592258173383896,-8.538271796242256,0.024969096452794017,0.308715903547206,-0.1419668546815312
4.215,-4.681511987089053,-1.9403532922789415,-8.329979674158958,0.023666318681774587,0.31021242092882223,-0.13467697578997784
4.2175,-4.658967954094638,-2.2273717281554353,-8.215180652168003,0.025696697740222714,0.3111841401641724,-0.13370480286335204
4.22,-4.603176767757177,-1.9554226645338435,-8.116994498838809,0.029806716270778036,0.314596,-0.13861489527342846
4.2225,-4.489701471784117,-2.001802320609035,-8.350067568098297,0.03120218357428226,0.31237690208788654,-0.13605229398959842
4.225,-4.330003671033414,-2.089211053229806,-8.481417381065784,0.03482363170272053,0.3001855364438097,-0.13931175537800514
4.2275,-4.640077843074715,-1.681616190281478,-8.31470400139383,0.02838888685431785,0.2962459889163544,-0.14481278864843303
4.23,-4.651574470137949,-1.772085866026648,-8.365187154035572,0.02928269735108858,0.30211972019775235,-0.13702351026871726
4.2325,-4.338587281732158,-2.187326706668811,-8.740671575858864,0.024272134556535662,0.3054238897193263,-0.13451691399518828
4.235,-4.3295394246672,-1.9731859609686975,-8.678338904064146,0.025171034110665715,0.308249242854852,-0.14106651982036972
4.2375,-4.449786388562015,-1.8693803713814858,-8.282173910237699,0.03318626462697122,0.31340705850788486,-0.13582648660861385
4.24,-4.441918161183023,-2.0896866249627553,-8.342659314414377,0.030924920448732844,0.30436168179493134,-0.13532387427943826
4.2425,-4.411497586428594,-1.8950347400000156,-8.268789014999944,0.024306758571427913,0.30550615857142865,-0.141415
4.245,-4.228521158244606,-1.926358077361739,-8.856373108667912,0.03198048066476288,0.305127,-0.1378215789041803
4.2475000000000005,-4.334234260026279,-2.041716136112175,-8.661217750752021,0.032223,0.30351076564141,-0.137597
4.25,-4.445623827738185,-2.151930185624531,-8.444610208786573,0.032223,0.3018588454613653,-0.137597
4.2525,-4.564338173707912,-1.978631127910731,-8.396202578877748,0.03233878120970899,0.3083206084882549,-0.139406813448841
4.255,-4.3035829456364745,-2.075007971578861,-8.68728901141964,0.032964015006633866,0.31319481332396765,-0.1392816030156872
4.2575,-4.244760927842417,-1.8078878340496491,-8.770074829865766,0.028035122067192674,0.310625,-0.1402957327191395
4.26,-4.301171,-1.740794,-8.692012,0.026725,0.3099648746262189,-0.140041
4.2625,-4.376406966264903,-1.8047402247920001,-8.636166761552198,0.026394865308344215,0.30909674492573286,-0.13964469420639225
4.265,-4.801968669588561,-2.166443087061156,-8.320285993666733,0.02452750467376958,0.3082242227078312,-0.13740304600357756
4.2675,-4.637927895159697,-2.1557117407297537,-8.434349384122513,0.02252095544921672,0.30635340504366565,-0.13960550549108725
4.2700000000000005,-4.324058038481182,-2.1720352031976087,-8.743194927829338,0.028561398578488592,0.30744063800423527,-0.13608104180120875
4.2725,-4.237441661303438,-2.1107386065844707,-8.873215382712578,0.026230764477181763,0.30211685544275424,-0.138972
4.275,-4.579216990968824,-1.8914199951641002,-8.351267159583593,0.024948798462770032,0.29724504877501934,-0.138972
4.2775,-4.766295002458427,-1.9916395626801908,-8.300720719778141,0.030394464565618846,0.29856,-0.13362353543438116
4.28,-4.663060386159098,-2.2332990114693514,-8.410075156230432,0.030436904646004247,0.30166957302799635,-0.134617134886398
4.2825,-4.618665260891523,-2.3156965463258614,-8.339222465950286,0.03029918693175463,0.30554387754161705,-0.1374060352126232
4.285,-4.582562809893489,-2.0827645914035373,-8.438131103413024,0.038259264463905776,0.30870242836449724,-0.13803807628875744
4.2875000000000005,-4.634902816319303,-1.9613208964187867,-8.328392207570033,0.03715740077062309,0.2953159366727068,-0.13796732896645575
4.29,-4.7999129464303305,-1.880990947384486,-8.176624385617979,0.03465327115063391,0.290772,-0.1370592261947966
4.2925,-4.722788065414476,-1.88055268335363,-8.392371820768247,0.034455960590163426,0.2910301253208433,-0.13504887467915666
4.295,-4.4915288656927,-1.9224278269017598,-8.833915233948357,0.03090622444584396,0.29294056988035255,-0.13313843011964743
4.2975,-4.337601804060531,-2.069147689288733,-8.967501249860561,0.027866878308114636,0.2937241174359572,-0.13093365223400458
4.3,-4.441804568432152,-2.272905120991064,-8.670243887311152,0.03147715974004877,0.2886355821608445,-0.13325123761169738
4.3025,-4.6586863203677105,-2.1684707078752106,-8.279786590090694,0.030610283900395354,0.29341847710030305,-0.13868783574121504
4.305,-4.314308674290103,-1.7981959634597213,-8.36532811684739,0.032889252163567376,0.2956878916084269,-0.13211554761834224
4.3075,-4.238474575371995,-1.8008515739579483,-8.501164097063311,0.031189333599815065,0.2917482674029573,-0.13129118139325324
4.3100000000000005,-4.202084833116906,-1.801756782386784,-8.584443575362771,0.02901550084565576,0.28786335146950015,-0.13124484586645102
4.3125,-4.16569509086183,-1.8026619908156192,-8.6677230536622,0.026841668091497226,0.28397843553604435,-0.1311985103396488
4.315,-4.235490143073118,-2.2449296229328217,-8.703718274303467,0.02639805746272219,0.27822597960290224,-0.1219806599441839
4.3175,-4.217941816918035,-2.405281979278707,-8.589213899803285,0.025962,0.27947088616393373,-0.126449
4.32,-4.142944413942107,-2.096279493581987,-8.497676041852092,0.029081719408361194,0.28963618204501573,-0.12807294436012917
4.3225,-4.057391221703416,-2.054397598397353,-8.501267993592737,0.036088945744734174,0.28620149870962464,-0.13283001712350234
4.325,-4.2060092201900146,-2.0978955280462652,-8.410647812127213,0.02907764946716183,0.2799836725815774,-0.1367991003387033
4.3275,-4.244679736827559,-2.015820098035733,-8.39013827849704,0.029114710164090295,0.28551605618073694,-0.1356160717526763
4.33,-4.320664302821154,-1.8338840108060546,-8.421398709370285,0.029006630302266967,0.28821592879093205,-0.13001442272040292
4.3325000000000005,-4.133546714015092,-2.1353094985985237,-8.716047279469768,0.02719222189393852,0.29077512829545415,-0.12811977810606148
4.335,-4.019342439357235,-2.213667776680126,-8.85399941948548,0.025877111694767602,0.28825006939286,-0.13154166227182773
4.3375,-4.239407370418003,-2.092449450160788,-8.588634673954983,0.030141870739549895,0.28605769453376295,-0.13283078713826407
4.34,-4.223555058457858,-2.1674707966924487,-8.539059462180058,0.029413259022406667,0.29078314589586146,-0.13562921884379223
4.3425,-4.2333249608049,-2.1183174650129106,-8.427225040131797,0.027317446368557496,0.2936168033654986,-0.13781708484819952
4.345,-4.2585407926518695,-1.8695278607953232,-8.426582681649187,0.028246620824591454,0.29838986247377436,-0.13557672494754874
4.3475,-4.245105073835214,-1.892517837747509,-8.397378749097808,0.027649375691760576,0.2950271170266742,-0.13013339992412537
4.3500000000000005,-4.269154733826001,-2.2232261700056326,-8.479498890818578,0.027221599566229614,0.2895654546067949,-0.12980192878143001
4.3525,-4.180175618224578,-2.1783539017147127,-8.66699245978756,0.025592629666160903,0.2885413153414265,-0.13619672233687402
4.355,-4.069446233668634,-2.0334012575666778,-8.729560149935963,0.02882525108361877,0.29290309189182484,-0.13376247684426446
4.3575,-4.075632670699804,-2.054391935381271,-8.669161797929547,0.03114423758687262,0.29280481533783803,-0.13225527862934353
4.36,-4.406612430861021,-2.0042602260453672,-8.314715218107807,0.028269298164616066,0.28706290022705705,-0.13637887843897897
4.3625,-4.4324864159383965,-2.0730476329870995,-8.338429068517188,0.026499137500000106,0.29051222184813724,-0.1352331375000001
4.365,-4.144258449508369,-2.3224710873465857,-8.93971519615568,0.031248145619957382,0.2881391907361201,-0.13492131510882874
4.3675,-4.105907737543592,-2.312599571166894,-8.909098000176291,0.02919516867599189,0.2864611234182795,-0.1389009463345464
4.37,-4.099901882383598,-2.2792697622686324,-8.807607737551251,0.026356740348725687,0.2853103820808584,-0.14296646374401245
4.3725000000000005,-4.239515676225741,-1.8167591557381482,-8.368704670149665,0.030625404945776532,0.29440243008628075,-0.1417334755576653
4.375,-4.155163119765693,-1.8266829859099185,-8.656496575160293,0.02859764339428481,0.2884444798543497,-0.13602951428797594
4.3775,-4.279629424500319,-1.8250604777883805,-8.563874003453492,0.022785298572400976,0.2847564247541359,-0.13305075125311325
4.38,-4.198899090284186,-2.1159991591796854,-8.664649169298363,0.024390959661656452,0.28363393170084594,-0.12795101237753306
4.3825,-4.150514911795515,-2.3940125491284316,-8.656499916676301,0.02435233026186231,0.28234863469084703,-0.12737702583287758
4.385,-4.168153742030796,-2.410671899710778,-8.591332143650439,0.02748174726178352,0.28672965456108773,-0.12925483996247933
4.3875,-4.2531030264880725,-2.271243877165727,-8.706562809289045,0.028994902924625567,0.27891651219782837,-0.1343886580645162
4.39,-4.263536428330029,-2.2444157232020325,-8.562981780467641,0.029883329447570623,0.2792971476959657,-0.13540340903225792
4.3925,-4.31663312963344,-1.8841886436141448,-8.329719200700966,0.032677177241157505,0.286496,-0.13372528513183263
4.3950000000000005,-4.3161290713954985,-1.7793799322057684,-8.370533588559493,0.030746077871382282,0.286496,-0.12767490046302138
4.3975,-4.23244328678095,-2.114882254349206,-8.621572654704764,0.025521610768253964,0.277727581257143,-0.12594198275555546
4.4,-4.387163172190498,-2.161148589841276,-8.47630493295236,0.02564810565079367,0.2695936274285703,-0.132169359111112
4.4025,-4.266193978639289,-2.2014883277535144,-8.669672089756087,0.028520695917843633,0.2700843973812577,-0.12907808513478805
4.405,-4.152772594136802,-2.329002417459267,-8.783110688859935,0.026038133550488715,0.2744992250162869,-0.13290648859934923
4.4075,-4.108859154111193,-2.128992260574319,-8.721583096212495,0.02717265870207458,0.2770075343004144,-0.1386002328497928
4.41,-4.213419149968471,-1.6774597715983146,-8.243521199342712,0.028236027890456494,0.2825889172580916,-0.1358095413709542
4.4125000000000005,-4.21449,-1.753945,-8.414633,0.022602,0.2771114517512496,-0.124617
4.415,-4.133167080378691,-1.8819715611262098,-8.509999710167124,0.02210128482094342,0.2723893797612579,-0.12499233150901459
4.4175,-3.9157051916896712,-2.223700808310329,-8.76726071740739,0.021100402079764664,0.27039215567897845,-0.12596342835943036
4.42,-3.908865334274647,-2.230540665725353,-8.789490826091985,0.023197668496917394,0.26899455015330903,-0.12578894220088385
4.4225,-4.00694576099804,-2.3518574847332436,-8.602623810240033,0.028784441503820587,0.26880216449252836,-0.1253331882426131
4.425,-4.014574862194874,-2.3204923778889737,-8.524209979592946,0.030191854689296,0.2696685921563324,-0.1280402429237945
4.4275,-4.048653649192505,-1.9473035479214584,-8.510863068953208,0.02467695987452123,0.27697402147089506,-0.1322315334820488
4.43,-3.9906129308520732,-2.0795183730669593,-8.639184975524685,0.02797563571175741,0.271682,-0.12419694642730814
4.4325,-4.042222586182419,-2.241943020700524,-8.524683832708035,0.027211725989656762,0.2678227139915372,-0.12556800599905976
4.4350000000000005,-4.100525943883084,-2.269033240613844,-8.42126881206332,0.02815078289890458,0.2664176597905,-0.12793564149086556
4.4375,-4.107144468116853,-2.1152736719805243,-8.409818724359981,0.031166950369090625,0.26967195170409924,-0.13044504829590076
4.44,-3.808344774195022,-2.220123860967505,-8.763258170504217,0.029531586825820383,0.27294185534474685,-0.12717514465525315
4.4425,-3.491800322959442,-2.2593254666066116,-9.24925232918189,0.02929476113824995,0.26428470904434415,-0.1302753409817403
4.445,-3.672634851221426,-1.9404680752266845,-9.010977159084945,0.02988587695433173,0.2686325290577263,-0.1311819240135425
4.4475,-3.8790244958093405,-1.996411322662237,-8.66776600769109,0.03047037873459379,0.2744063741331136,-0.12267394737880052
4.45,-3.953570299549206,-2.316385608920516,-8.516097037058163,0.023890078623961527,0.279013,-0.12648046856465106
4.4525,-3.899816168353906,-2.2220977650943077,-8.661998059532772,0.02487595647031416,0.2715410073232451,-0.126907
4.455,-3.868051667598441,-2.257075086261914,-8.706257591290381,0.027757797624213466,0.2692595263098591,-0.12704946963859753
4.4575000000000005,-3.84505,-2.325442,-8.717119,0.030696,0.26891397629735975,-0.127213
4.46,-3.84505,-2.325442,-8.717119,0.030696,0.26878684576214407,-0.127213
4.4625,-3.9956779835314165,-2.0335549729080893,-8.570648068809101,0.030362823211253914,0.277027,-0.1292025158379813
4.465,-3.9784864153517523,-2.1638215482313727,-8.545911575842359,0.029420422122339293,0.27634593294294546,-0.1250204221223393
4.4675,-3.8501818325666184,-2.342294323486199,-8.712872890737119,0.028461375126051052,0.2735583810228084,-0.12300063733973585
4.47,-3.8510574486493336,-2.341332940438626,-8.785508100529277,0.032435818703568854,0.2676514234717167,-0.1236075765282833
4.4725,-3.9716711366448587,-2.2836817026588814,-8.586498555350465,0.03296551289719649,0.26501593269626156,-0.12556817611682236
4.4750000000000005,-3.9401640705807575,-2.2687651165978795,-8.644328485845808,0.03447297373849506,0.263588,-0.12568068682957853
4.4775,-3.9008434412740254,-2.1313258682293843,-8.828309161911038,0.030981575821761902,0.2640358840197694,-0.12859714543971135
4.48,-3.920513598418455,-1.918395923577276,-8.857814397627683,0.02520276794539793,0.26679984052718336,-0.13148613807484164
4.4825,-3.754433656872991,-2.134700679284423,-8.96318515433274,0.027438108837209412,0.2642579859749552,-0.123547
4.485,-3.721812035076645,-2.369971817999663,-8.893675147625205,0.02551789052930969,0.26637741872649734,-0.1240669319955761
4.4875,-3.881508964738262,-2.198889945270906,-8.667388953764984,0.027154132369145757,0.2686289363177225,-0.12507415477502304
4.49,-4.125825912846193,-2.1421816669559886,-8.157350268576916,0.031145898991704318,0.27028948719208673,-0.12364938433950202
4.4925,-3.997985634707247,-2.32353291943004,-8.4171057602059,0.03395283806969345,0.2677280856424397,-0.12258259419949624
4.495,-3.886876548793011,-2.0837231073714815,-8.741572481887795,0.026897397325346052,0.257785,-0.12620691568040138
4.4975000000000005,-3.9640872358393735,-2.0084976237051797,-8.662611645250106,0.02769346387415021,0.25638426728339814,-0.12214979101197315
4.5,-3.8792555673770233,-2.3432009626662396,-8.836670511136036,0.03030257298509854,0.2508221953212626,-0.11891751674411152
4.5025,-3.8927112343656134,-2.4613429445798287,-8.858370351132017,0.026391533706123953,0.25179589263637864,-0.1232595311046958
4.505,-3.990818656240689,-2.319421106755818,-8.66120269101961,0.02809560912323348,0.25909577250873694,-0.1261793237197993
4.5075,-4.014719670887824,-2.050297338719865,-8.62685546339987,0.031634865739847584,0.262825,-0.12175637844459737
4.51,-4.078135816125873,-1.951725088401483,-8.526969947979511,0.029322,0.2578261301275485,-0.121715
4.5125,-4.120809413531107,-1.9409970615050844,-8.41969204647855,0.029441537337192538,0.2516233009889048,-0.12113036324167843
4.515,-4.004769911360362,-2.214275542546998,-8.656305143014924,0.030310292416787156,0.24901640346840362,-0.116881430101303
4.5175,-3.7461707864569784,-2.2977687646611176,-8.887441396420838,0.03025036983802469,0.243031853605913,-0.1180034268029565
4.5200000000000005,-3.642711119315192,-2.3350268620219796,-8.99961971447587,0.0307379551078277,0.244041,-0.11987774182014811
4.5225,-3.6472304430208164,-2.2884499592028416,-8.924681847706957,0.03205955704373091,0.24458516611263512,-0.12212080217201866
4.525,-3.677070103759888,-2.178193808730015,-8.781551308310453,0.02727945828626687,0.24794392577053462,-0.126514262852994
4.5275,-3.901121077361466,-1.7757682895754276,-8.532982825502529,0.03004798680738793,0.25246627847445435,-0.12233449699208475
4.53,-4.107110466420425,-1.951685421063422,-8.351551594428702,0.028895198768689418,0.25169747365155504,-0.11682878131926067
4.5325,-3.733427353113819,-2.246054211773617,-8.635962120219071,0.02535401437013985,0.2492540676989652,-0.11766737765636599
4.535,-3.617886,-2.2298511829114216,-8.658512745447629,0.028268388658276283,0.24972115305628098,-0.11861476860603175
4.5375000000000005,-3.6180446515420637,-2.250569035943854,-8.535017752010326,0.03363665222024914,0.24649604976586406,-0.11715515314064227
4.54,-3.6190563165832392,-2.470716661301472,-8.494530832404328,0.035834378117229164,0.2436523820894558,-0.11534516162764409
4.5425,-3.388928,-2.474294,-8.96162,0.031001,0.24000080368695745,-0.125075
4.545,-3.388928,-2.474294,-8.96162,0.031001,0.24544428083478245,-0.125075
4.5475,-3.6147762796069967,-2.1755814315490802,-8.74719908207899,0.03491652979570801,0.24877139335919263,-0.11885045295060866
4.55,-3.749625384081486,-2.330913641809781,-8.490756969939596,0.03286698505270669,0.24763677941489995,-0.12256318566860103
4.5525,-3.748455130942467,-2.346967373089534,-8.515213818733443,0.03025788293494515,0.24703840570038435,-0.12447120007219635
4.555,-3.6121970285804124,-2.286954232673631,-8.756248880392343,0.035786708285332494,0.24490224993172746,-0.12271191616102979
4.5575,-3.4820986299760537,-2.2889292684618847,-8.984547110301849,0.035277,0.24645823494010582,-0.12358809238140915
4.5600000000000005,-3.648030934521596,-2.148757413404338,-8.78881034555652,0.03461677100656827,0.2530984871199491,-0.12268245138292126
4.5625,-3.755993995575221,-2.2000277234513272,-8.619400484513275,0.032236702802359886,0.2562717028023599,-0.1190788156342183
4.565,-3.625800387951392,-2.460037142607319,-8.791517513036494,0.03308980145749052,0.2541107927449393,-0.12168415578947427
4.5675,-3.598153598447981,-2.4327594880321777,-8.876482299674688,0.03428224508191869,0.25186955016502055,-0.1224981023765304
4.57,-3.5894254247115476,-2.351562328172975,-8.847445548925869,0.03403215462078731,0.2516261750074979,-0.1232360162828507
4.5725,-3.60267582839492,-2.1970877614387625,-8.64230708789841,0.031220934987300546,0.2545088639606722,-0.12419306982384257
4.575,-3.6052437871528067,-2.101559523818101,-8.567837143056119,0.02820364788201535,0.2504417121507576,-0.12563641900860312
4.5775,-3.6817487448306423,-1.9920492572107478,-8.643267689326795,0.030543,0.245568,-0.12497452939727409
4.58,-3.542069612653863,-2.1551805273066647,-8.955248606050606,0.028344525756325054,0.24478780635205452,-0.11949427475566714
4.5825000000000005,-3.439516705779368,-2.406761878249152,-9.115252532996443,0.02619730949466241,0.24460922404270552,-0.11759112626334559
4.585,-3.5317005951172935,-2.521405922509743,-9.034355168251295,0.029297306207554615,0.2473361628055666,-0.12092614031650091
4.5875,-3.7052797055118316,-2.430952614173222,-8.774421033070823,0.03290615590551204,0.2467012834645676,-0.1261475433070869
4.59,-3.7790082911932643,-2.348152924136649,-8.609941063210103,0.03381129162377166,0.25037986521291516,-0.127518
4.5925,-3.7575154135523174,-2.1646142884005766,-8.64548634905588,0.03363548334277165,0.25123122707871476,-0.1277432687452473
4.595,-3.920804340674686,-1.7807324895300116,-8.423372486475227,0.03389421296011647,0.2460490000873721,-0.1292981913307983
4.5975,-3.732257780632977,-1.9787164407001543,-8.653941249705909,0.02663228669437342,0.24963992922314504,-0.11886191839514057
4.6000000000000005,-3.4587178915280745,-2.443134539114549,-9.111845136764803,0.027016116464194453,0.23645814221547032,-0.11719753865089479
4.6025,-3.6201088779327133,-2.2508767948903037,-8.831488660107274,0.02455472772306199,0.23545227204290606,-0.12193660136518747
